                                Circuito ohm ac
                                Transient Analysis  Mon Jul 17 15:47:27  2023
--------------------------------------------------------------------------------
Index   time            v(n1)           i(v1)           
--------------------------------------------------------------------------------
0	1.000028e-02	3.518577e-03	-3.51858e-06	
1	1.000128e-02	1.608426e-02	-1.60843e-05	
2	1.000228e-02	2.864741e-02	-2.86474e-05	
3	1.000328e-02	4.120603e-02	-4.12060e-05	
4	1.000428e-02	5.375814e-02	-5.37581e-05	
5	1.000528e-02	6.630176e-02	-6.63018e-05	
6	1.000628e-02	7.883492e-02	-7.88349e-05	
7	1.000728e-02	9.135563e-02	-9.13556e-05	
8	1.000828e-02	1.038619e-01	-1.03862e-04	
9	1.000928e-02	1.163518e-01	-1.16352e-04	
10	1.001028e-02	1.288233e-01	-1.28823e-04	
11	1.001128e-02	1.412745e-01	-1.41274e-04	
12	1.001228e-02	1.537033e-01	-1.53703e-04	
13	1.001328e-02	1.661079e-01	-1.66108e-04	
14	1.001428e-02	1.784862e-01	-1.78486e-04	
15	1.001528e-02	1.908364e-01	-1.90836e-04	
16	1.001628e-02	2.031564e-01	-2.03156e-04	
17	1.001728e-02	2.154444e-01	-2.15444e-04	
18	1.001828e-02	2.276983e-01	-2.27698e-04	
19	1.001928e-02	2.399163e-01	-2.39916e-04	
20	1.002028e-02	2.520964e-01	-2.52096e-04	
21	1.002128e-02	2.642367e-01	-2.64237e-04	
22	1.002228e-02	2.763352e-01	-2.76335e-04	
23	1.002328e-02	2.883901e-01	-2.88390e-04	
24	1.002428e-02	3.003995e-01	-3.00400e-04	
25	1.002528e-02	3.123614e-01	-3.12361e-04	
26	1.002628e-02	3.242741e-01	-3.24274e-04	
27	1.002728e-02	3.361355e-01	-3.36135e-04	
28	1.002828e-02	3.479438e-01	-3.47944e-04	
29	1.002928e-02	3.596972e-01	-3.59697e-04	
30	1.003028e-02	3.713938e-01	-3.71394e-04	
31	1.003128e-02	3.830317e-01	-3.83032e-04	
32	1.003228e-02	3.946092e-01	-3.94609e-04	
33	1.003328e-02	4.061243e-01	-4.06124e-04	
34	1.003428e-02	4.175753e-01	-4.17575e-04	
35	1.003528e-02	4.289604e-01	-4.28960e-04	
36	1.003628e-02	4.402777e-01	-4.40278e-04	
37	1.003728e-02	4.515255e-01	-4.51525e-04	
38	1.003828e-02	4.627020e-01	-4.62702e-04	
39	1.003928e-02	4.738054e-01	-4.73805e-04	
40	1.004028e-02	4.848340e-01	-4.84834e-04	
41	1.004128e-02	4.957861e-01	-4.95786e-04	
42	1.004228e-02	5.066599e-01	-5.06660e-04	
43	1.004328e-02	5.174536e-01	-5.17454e-04	
44	1.004428e-02	5.281657e-01	-5.28166e-04	
45	1.004528e-02	5.387943e-01	-5.38794e-04	
46	1.004628e-02	5.493379e-01	-5.49338e-04	
47	1.004728e-02	5.597947e-01	-5.59795e-04	
48	1.004828e-02	5.701631e-01	-5.70163e-04	
49	1.004928e-02	5.804415e-01	-5.80441e-04	
50	1.005028e-02	5.906282e-01	-5.90628e-04	
51	1.005128e-02	6.007217e-01	-6.00722e-04	
52	1.005228e-02	6.107203e-01	-6.10720e-04	
53	1.005328e-02	6.206224e-01	-6.20622e-04	
54	1.005428e-02	6.304266e-01	-6.30427e-04	

Index   time            v(n1)           i(v1)           
--------------------------------------------------------------------------------
55	1.005528e-02	6.401312e-01	-6.40131e-04	
56	1.005628e-02	6.497347e-01	-6.49735e-04	
57	1.005728e-02	6.592356e-01	-6.59236e-04	
58	1.005828e-02	6.686324e-01	-6.68632e-04	
59	1.005928e-02	6.779236e-01	-6.77924e-04	
60	1.006028e-02	6.871078e-01	-6.87108e-04	
61	1.006128e-02	6.961835e-01	-6.96183e-04	
62	1.006228e-02	7.051492e-01	-7.05149e-04	
63	1.006328e-02	7.140036e-01	-7.14004e-04	
64	1.006428e-02	7.227452e-01	-7.22745e-04	
65	1.006528e-02	7.313727e-01	-7.31373e-04	
66	1.006628e-02	7.398848e-01	-7.39885e-04	
67	1.006728e-02	7.482799e-01	-7.48280e-04	
68	1.006828e-02	7.565570e-01	-7.56557e-04	
69	1.006928e-02	7.647145e-01	-7.64715e-04	
70	1.007028e-02	7.727513e-01	-7.72751e-04	
71	1.007128e-02	7.806661e-01	-7.80666e-04	
72	1.007228e-02	7.884576e-01	-7.88458e-04	
73	1.007328e-02	7.961245e-01	-7.96125e-04	
74	1.007428e-02	8.036658e-01	-8.03666e-04	
75	1.007528e-02	8.110802e-01	-8.11080e-04	
76	1.007628e-02	8.183664e-01	-8.18366e-04	
77	1.007728e-02	8.255235e-01	-8.25523e-04	
78	1.007828e-02	8.325502e-01	-8.32550e-04	
79	1.007928e-02	8.394454e-01	-8.39445e-04	
80	1.008028e-02	8.462080e-01	-8.46208e-04	
81	1.008128e-02	8.528371e-01	-8.52837e-04	
82	1.008228e-02	8.593314e-01	-8.59331e-04	
83	1.008328e-02	8.656901e-01	-8.65690e-04	
84	1.008428e-02	8.719121e-01	-8.71912e-04	
85	1.008528e-02	8.779963e-01	-8.77996e-04	
86	1.008628e-02	8.839420e-01	-8.83942e-04	
87	1.008728e-02	8.897480e-01	-8.89748e-04	
88	1.008828e-02	8.954136e-01	-8.95414e-04	
89	1.008928e-02	9.009377e-01	-9.00938e-04	
90	1.009028e-02	9.063196e-01	-9.06320e-04	
91	1.009128e-02	9.115583e-01	-9.11558e-04	
92	1.009228e-02	9.166532e-01	-9.16653e-04	
93	1.009328e-02	9.216032e-01	-9.21603e-04	
94	1.009428e-02	9.264078e-01	-9.26408e-04	
95	1.009528e-02	9.310660e-01	-9.31066e-04	
96	1.009628e-02	9.355772e-01	-9.35577e-04	
97	1.009728e-02	9.399407e-01	-9.39941e-04	
98	1.009828e-02	9.441557e-01	-9.44156e-04	
99	1.009928e-02	9.482217e-01	-9.48222e-04	
100	1.010028e-02	9.521379e-01	-9.52138e-04	
101	1.010128e-02	9.559038e-01	-9.55904e-04	
102	1.010228e-02	9.595187e-01	-9.59519e-04	
103	1.010328e-02	9.629821e-01	-9.62982e-04	
104	1.010428e-02	9.662935e-01	-9.66293e-04	
105	1.010528e-02	9.694522e-01	-9.69452e-04	
106	1.010628e-02	9.724579e-01	-9.72458e-04	
107	1.010728e-02	9.753100e-01	-9.75310e-04	
108	1.010828e-02	9.780080e-01	-9.78008e-04	
109	1.010928e-02	9.805517e-01	-9.80552e-04	
110	1.011028e-02	9.829405e-01	-9.82940e-04	
111	1.011128e-02	9.851741e-01	-9.85174e-04	
112	1.011228e-02	9.872521e-01	-9.87252e-04	

Index   time            v(n1)           i(v1)           
--------------------------------------------------------------------------------
113	1.011328e-02	9.891742e-01	-9.89174e-04	
114	1.011428e-02	9.909401e-01	-9.90940e-04	
115	1.011528e-02	9.925496e-01	-9.92550e-04	
116	1.011628e-02	9.940023e-01	-9.94002e-04	
117	1.011728e-02	9.952980e-01	-9.95298e-04	
118	1.011828e-02	9.964366e-01	-9.96437e-04	
119	1.011928e-02	9.974178e-01	-9.97418e-04	
120	1.012028e-02	9.982415e-01	-9.98241e-04	
121	1.012128e-02	9.989076e-01	-9.98908e-04	
122	1.012228e-02	9.994159e-01	-9.99416e-04	
123	1.012328e-02	9.997664e-01	-9.99766e-04	
124	1.012428e-02	9.999591e-01	-9.99959e-04	
125	1.012528e-02	9.999938e-01	-9.99994e-04	
126	1.012628e-02	9.998706e-01	-9.99871e-04	
127	1.012728e-02	9.995896e-01	-9.99590e-04	
128	1.012828e-02	9.991507e-01	-9.99151e-04	
129	1.012928e-02	9.985540e-01	-9.98554e-04	
130	1.013028e-02	9.977996e-01	-9.97800e-04	
131	1.013128e-02	9.968877e-01	-9.96888e-04	
132	1.013228e-02	9.958183e-01	-9.95818e-04	
133	1.013328e-02	9.945917e-01	-9.94592e-04	
134	1.013428e-02	9.932081e-01	-9.93208e-04	
135	1.013528e-02	9.916676e-01	-9.91668e-04	
136	1.013628e-02	9.899705e-01	-9.89970e-04	
137	1.013728e-02	9.881170e-01	-9.88117e-04	
138	1.013828e-02	9.861076e-01	-9.86108e-04	
139	1.013928e-02	9.839424e-01	-9.83942e-04	
140	1.014028e-02	9.816219e-01	-9.81622e-04	
141	1.014128e-02	9.791463e-01	-9.79146e-04	
142	1.014228e-02	9.765161e-01	-9.76516e-04	
143	1.014328e-02	9.737317e-01	-9.73732e-04	
144	1.014428e-02	9.707936e-01	-9.70794e-04	
145	1.014528e-02	9.677021e-01	-9.67702e-04	
146	1.014628e-02	9.644579e-01	-9.64458e-04	
147	1.014728e-02	9.610613e-01	-9.61061e-04	
148	1.014828e-02	9.575130e-01	-9.57513e-04	
149	1.014928e-02	9.538135e-01	-9.53813e-04	
150	1.015028e-02	9.499633e-01	-9.49963e-04	
151	1.015128e-02	9.459632e-01	-9.45963e-04	
152	1.015228e-02	9.418136e-01	-9.41814e-04	
153	1.015328e-02	9.375154e-01	-9.37515e-04	
154	1.015428e-02	9.330691e-01	-9.33069e-04	
155	1.015528e-02	9.284755e-01	-9.28475e-04	
156	1.015628e-02	9.237352e-01	-9.23735e-04	
157	1.015728e-02	9.188491e-01	-9.18849e-04	
158	1.015828e-02	9.138178e-01	-9.13818e-04	
159	1.015928e-02	9.086423e-01	-9.08642e-04	
160	1.016028e-02	9.033233e-01	-9.03323e-04	
161	1.016128e-02	8.978617e-01	-8.97862e-04	
162	1.016228e-02	8.922582e-01	-8.92258e-04	
163	1.016328e-02	8.865139e-01	-8.86514e-04	
164	1.016428e-02	8.806296e-01	-8.80630e-04	
165	1.016528e-02	8.746062e-01	-8.74606e-04	
166	1.016628e-02	8.684447e-01	-8.68445e-04	
167	1.016728e-02	8.621460e-01	-8.62146e-04	
168	1.016828e-02	8.557113e-01	-8.55711e-04	
169	1.016928e-02	8.491413e-01	-8.49141e-04	
170	1.017028e-02	8.424374e-01	-8.42437e-04	

Index   time            v(n1)           i(v1)           
--------------------------------------------------------------------------------
171	1.017128e-02	8.356003e-01	-8.35600e-04	
172	1.017228e-02	8.286313e-01	-8.28631e-04	
173	1.017328e-02	8.215315e-01	-8.21532e-04	
174	1.017428e-02	8.143020e-01	-8.14302e-04	
175	1.017528e-02	8.069438e-01	-8.06944e-04	
176	1.017628e-02	7.994582e-01	-7.99458e-04	
177	1.017728e-02	7.918464e-01	-7.91846e-04	
178	1.017828e-02	7.841096e-01	-7.84110e-04	
179	1.017928e-02	7.762489e-01	-7.76249e-04	
180	1.018028e-02	7.682656e-01	-7.68266e-04	
181	1.018128e-02	7.601611e-01	-7.60161e-04	
182	1.018228e-02	7.519365e-01	-7.51936e-04	
183	1.018328e-02	7.435931e-01	-7.43593e-04	
184	1.018428e-02	7.351323e-01	-7.35132e-04	
185	1.018528e-02	7.265555e-01	-7.26555e-04	
186	1.018628e-02	7.178639e-01	-7.17864e-04	
187	1.018728e-02	7.090589e-01	-7.09059e-04	
188	1.018828e-02	7.001420e-01	-7.00142e-04	
189	1.018928e-02	6.911145e-01	-6.91115e-04	
190	1.019028e-02	6.819779e-01	-6.81978e-04	
191	1.019128e-02	6.727336e-01	-6.72734e-04	
192	1.019228e-02	6.633831e-01	-6.63383e-04	
193	1.019328e-02	6.539278e-01	-6.53928e-04	
194	1.019428e-02	6.443692e-01	-6.44369e-04	
195	1.019528e-02	6.347089e-01	-6.34709e-04	
196	1.019628e-02	6.249484e-01	-6.24948e-04	
197	1.019728e-02	6.150892e-01	-6.15089e-04	
198	1.019828e-02	6.051328e-01	-6.05133e-04	
199	1.019928e-02	5.950809e-01	-5.95081e-04	
200	1.020028e-02	5.849350e-01	-5.84935e-04	
201	1.020128e-02	5.746968e-01	-5.74697e-04	
202	1.020228e-02	5.643678e-01	-5.64368e-04	
203	1.020328e-02	5.539497e-01	-5.53950e-04	
204	1.020428e-02	5.434441e-01	-5.43444e-04	
205	1.020528e-02	5.328526e-01	-5.32853e-04	
206	1.020628e-02	5.221771e-01	-5.22177e-04	
207	1.020728e-02	5.114191e-01	-5.11419e-04	
208	1.020828e-02	5.005803e-01	-5.00580e-04	
209	1.020928e-02	4.896625e-01	-4.89662e-04	
210	1.021028e-02	4.786673e-01	-4.78667e-04	
211	1.021128e-02	4.675966e-01	-4.67597e-04	
212	1.021228e-02	4.564520e-01	-4.56452e-04	
213	1.021328e-02	4.452354e-01	-4.45235e-04	
214	1.021428e-02	4.339484e-01	-4.33948e-04	
215	1.021528e-02	4.225930e-01	-4.22593e-04	
216	1.021628e-02	4.111707e-01	-4.11171e-04	
217	1.021728e-02	3.996836e-01	-3.99684e-04	
218	1.021828e-02	3.881333e-01	-3.88133e-04	
219	1.021928e-02	3.765218e-01	-3.76522e-04	
220	1.022028e-02	3.648508e-01	-3.64851e-04	
221	1.022128e-02	3.531222e-01	-3.53122e-04	
222	1.022228e-02	3.413378e-01	-3.41338e-04	
223	1.022328e-02	3.294995e-01	-3.29499e-04	
224	1.022428e-02	3.176092e-01	-3.17609e-04	
225	1.022528e-02	3.056687e-01	-3.05669e-04	
226	1.022628e-02	2.936800e-01	-2.93680e-04	
227	1.022728e-02	2.816449e-01	-2.81645e-04	
228	1.022828e-02	2.695653e-01	-2.69565e-04	

Index   time            v(n1)           i(v1)           
--------------------------------------------------------------------------------
229	1.022928e-02	2.574431e-01	-2.57443e-04	
230	1.023028e-02	2.452803e-01	-2.45280e-04	
231	1.023128e-02	2.330788e-01	-2.33079e-04	
232	1.023228e-02	2.208404e-01	-2.20840e-04	
233	1.023328e-02	2.085672e-01	-2.08567e-04	
234	1.023428e-02	1.962610e-01	-1.96261e-04	
235	1.023528e-02	1.839239e-01	-1.83924e-04	
236	1.023628e-02	1.715577e-01	-1.71558e-04	
237	1.023728e-02	1.591644e-01	-1.59164e-04	
238	1.023828e-02	1.467460e-01	-1.46746e-04	
239	1.023928e-02	1.343044e-01	-1.34304e-04	
240	1.024028e-02	1.218416e-01	-1.21842e-04	
241	1.024128e-02	1.093596e-01	-1.09360e-04	
242	1.024228e-02	9.686028e-02	-9.68603e-05	
243	1.024328e-02	8.434568e-02	-8.43457e-05	
244	1.024428e-02	7.181776e-02	-7.18178e-05	
245	1.024528e-02	5.927850e-02	-5.92785e-05	
246	1.024628e-02	4.672987e-02	-4.67299e-05	
247	1.024728e-02	3.417387e-02	-3.41739e-05	
248	1.024828e-02	2.161247e-02	-2.16125e-05	
249	1.024928e-02	9.047663e-03	-9.04766e-06	
250	1.025028e-02	-3.51858e-03	3.518576e-06	
251	1.025128e-02	-1.60843e-02	1.608426e-05	
252	1.025228e-02	-2.86474e-02	2.864741e-05	
253	1.025328e-02	-4.12060e-02	4.120603e-05	
254	1.025428e-02	-5.37581e-02	5.375814e-05	
255	1.025528e-02	-6.63018e-02	6.630176e-05	
256	1.025628e-02	-7.88349e-02	7.883492e-05	
257	1.025728e-02	-9.13556e-02	9.135563e-05	
258	1.025828e-02	-1.03862e-01	1.038619e-04	
259	1.025928e-02	-1.16352e-01	1.163518e-04	
260	1.026028e-02	-1.28823e-01	1.288233e-04	
261	1.026128e-02	-1.41274e-01	1.412745e-04	
262	1.026228e-02	-1.53703e-01	1.537033e-04	
263	1.026328e-02	-1.66108e-01	1.661079e-04	
264	1.026428e-02	-1.78486e-01	1.784862e-04	
265	1.026528e-02	-1.90836e-01	1.908364e-04	
266	1.026628e-02	-2.03156e-01	2.031564e-04	
267	1.026728e-02	-2.15444e-01	2.154444e-04	
268	1.026828e-02	-2.27698e-01	2.276983e-04	
269	1.026928e-02	-2.39916e-01	2.399163e-04	
270	1.027028e-02	-2.52096e-01	2.520964e-04	
271	1.027128e-02	-2.64237e-01	2.642367e-04	
272	1.027228e-02	-2.76335e-01	2.763352e-04	
273	1.027328e-02	-2.88390e-01	2.883901e-04	
274	1.027428e-02	-3.00400e-01	3.003995e-04	
275	1.027528e-02	-3.12361e-01	3.123614e-04	
276	1.027628e-02	-3.24274e-01	3.242741e-04	
277	1.027728e-02	-3.36135e-01	3.361355e-04	
278	1.027828e-02	-3.47944e-01	3.479438e-04	
279	1.027928e-02	-3.59697e-01	3.596972e-04	
280	1.028028e-02	-3.71394e-01	3.713938e-04	
281	1.028128e-02	-3.83032e-01	3.830317e-04	
282	1.028228e-02	-3.94609e-01	3.946092e-04	
283	1.028328e-02	-4.06124e-01	4.061243e-04	
284	1.028428e-02	-4.17575e-01	4.175753e-04	
285	1.028528e-02	-4.28960e-01	4.289604e-04	
286	1.028628e-02	-4.40278e-01	4.402777e-04	

Index   time            v(n1)           i(v1)           
--------------------------------------------------------------------------------
287	1.028728e-02	-4.51525e-01	4.515255e-04	
288	1.028828e-02	-4.62702e-01	4.627020e-04	
289	1.028928e-02	-4.73805e-01	4.738054e-04	
290	1.029028e-02	-4.84834e-01	4.848340e-04	
291	1.029128e-02	-4.95786e-01	4.957861e-04	
292	1.029228e-02	-5.06660e-01	5.066599e-04	
293	1.029328e-02	-5.17454e-01	5.174536e-04	
294	1.029428e-02	-5.28166e-01	5.281657e-04	
295	1.029528e-02	-5.38794e-01	5.387943e-04	
296	1.029628e-02	-5.49338e-01	5.493379e-04	
297	1.029728e-02	-5.59795e-01	5.597947e-04	
298	1.029828e-02	-5.70163e-01	5.701631e-04	
299	1.029928e-02	-5.80441e-01	5.804415e-04	
300	1.030028e-02	-5.90628e-01	5.906282e-04	
301	1.030128e-02	-6.00722e-01	6.007217e-04	
302	1.030228e-02	-6.10720e-01	6.107203e-04	
303	1.030328e-02	-6.20622e-01	6.206224e-04	
304	1.030428e-02	-6.30427e-01	6.304266e-04	
305	1.030528e-02	-6.40131e-01	6.401312e-04	
306	1.030628e-02	-6.49735e-01	6.497347e-04	
307	1.030728e-02	-6.59236e-01	6.592356e-04	
308	1.030828e-02	-6.68632e-01	6.686324e-04	
309	1.030928e-02	-6.77924e-01	6.779236e-04	
310	1.031028e-02	-6.87108e-01	6.871078e-04	
311	1.031128e-02	-6.96183e-01	6.961835e-04	
312	1.031228e-02	-7.05149e-01	7.051492e-04	
313	1.031328e-02	-7.14004e-01	7.140036e-04	
314	1.031428e-02	-7.22745e-01	7.227452e-04	
315	1.031528e-02	-7.31373e-01	7.313727e-04	
316	1.031628e-02	-7.39885e-01	7.398848e-04	
317	1.031728e-02	-7.48280e-01	7.482799e-04	
318	1.031828e-02	-7.56557e-01	7.565570e-04	
319	1.031928e-02	-7.64715e-01	7.647145e-04	
320	1.032028e-02	-7.72751e-01	7.727513e-04	
321	1.032128e-02	-7.80666e-01	7.806661e-04	
322	1.032228e-02	-7.88458e-01	7.884576e-04	
323	1.032328e-02	-7.96125e-01	7.961245e-04	
324	1.032428e-02	-8.03666e-01	8.036658e-04	
325	1.032528e-02	-8.11080e-01	8.110802e-04	
326	1.032628e-02	-8.18366e-01	8.183664e-04	
327	1.032728e-02	-8.25523e-01	8.255235e-04	
328	1.032828e-02	-8.32550e-01	8.325502e-04	
329	1.032928e-02	-8.39445e-01	8.394454e-04	
330	1.033028e-02	-8.46208e-01	8.462080e-04	
331	1.033128e-02	-8.52837e-01	8.528371e-04	
332	1.033228e-02	-8.59331e-01	8.593314e-04	
333	1.033328e-02	-8.65690e-01	8.656901e-04	
334	1.033428e-02	-8.71912e-01	8.719121e-04	
335	1.033528e-02	-8.77996e-01	8.779963e-04	
336	1.033628e-02	-8.83942e-01	8.839420e-04	
337	1.033728e-02	-8.89748e-01	8.897480e-04	
338	1.033828e-02	-8.95414e-01	8.954136e-04	
339	1.033928e-02	-9.00938e-01	9.009377e-04	
340	1.034028e-02	-9.06320e-01	9.063196e-04	
341	1.034128e-02	-9.11558e-01	9.115583e-04	
342	1.034228e-02	-9.16653e-01	9.166532e-04	
343	1.034328e-02	-9.21603e-01	9.216032e-04	
344	1.034428e-02	-9.26408e-01	9.264078e-04	

Index   time            v(n1)           i(v1)           
--------------------------------------------------------------------------------
345	1.034528e-02	-9.31066e-01	9.310660e-04	
346	1.034628e-02	-9.35577e-01	9.355772e-04	
347	1.034728e-02	-9.39941e-01	9.399407e-04	
348	1.034828e-02	-9.44156e-01	9.441557e-04	
349	1.034928e-02	-9.48222e-01	9.482217e-04	
350	1.035028e-02	-9.52138e-01	9.521379e-04	
351	1.035128e-02	-9.55904e-01	9.559038e-04	
352	1.035228e-02	-9.59519e-01	9.595187e-04	
353	1.035328e-02	-9.62982e-01	9.629821e-04	
354	1.035428e-02	-9.66293e-01	9.662935e-04	
355	1.035528e-02	-9.69452e-01	9.694522e-04	
356	1.035628e-02	-9.72458e-01	9.724579e-04	
357	1.035728e-02	-9.75310e-01	9.753100e-04	
358	1.035828e-02	-9.78008e-01	9.780080e-04	
359	1.035928e-02	-9.80552e-01	9.805517e-04	
360	1.036028e-02	-9.82940e-01	9.829405e-04	
361	1.036128e-02	-9.85174e-01	9.851741e-04	
362	1.036228e-02	-9.87252e-01	9.872521e-04	
363	1.036328e-02	-9.89174e-01	9.891742e-04	
364	1.036428e-02	-9.90940e-01	9.909401e-04	
365	1.036528e-02	-9.92550e-01	9.925496e-04	
366	1.036628e-02	-9.94002e-01	9.940023e-04	
367	1.036728e-02	-9.95298e-01	9.952980e-04	
368	1.036828e-02	-9.96437e-01	9.964366e-04	
369	1.036928e-02	-9.97418e-01	9.974178e-04	
370	1.037028e-02	-9.98241e-01	9.982415e-04	
371	1.037128e-02	-9.98908e-01	9.989076e-04	
372	1.037228e-02	-9.99416e-01	9.994159e-04	
373	1.037328e-02	-9.99766e-01	9.997664e-04	
374	1.037428e-02	-9.99959e-01	9.999591e-04	
375	1.037528e-02	-9.99994e-01	9.999938e-04	
376	1.037628e-02	-9.99871e-01	9.998706e-04	
377	1.037728e-02	-9.99590e-01	9.995896e-04	
378	1.037828e-02	-9.99151e-01	9.991507e-04	
379	1.037928e-02	-9.98554e-01	9.985540e-04	
380	1.038028e-02	-9.97800e-01	9.977996e-04	
381	1.038128e-02	-9.96888e-01	9.968877e-04	
382	1.038228e-02	-9.95818e-01	9.958183e-04	
383	1.038328e-02	-9.94592e-01	9.945917e-04	
384	1.038428e-02	-9.93208e-01	9.932081e-04	
385	1.038528e-02	-9.91668e-01	9.916676e-04	
386	1.038628e-02	-9.89970e-01	9.899705e-04	
387	1.038728e-02	-9.88117e-01	9.881170e-04	
388	1.038828e-02	-9.86108e-01	9.861076e-04	
389	1.038928e-02	-9.83942e-01	9.839424e-04	
390	1.039028e-02	-9.81622e-01	9.816219e-04	
391	1.039128e-02	-9.79146e-01	9.791463e-04	
392	1.039228e-02	-9.76516e-01	9.765161e-04	
393	1.039328e-02	-9.73732e-01	9.737317e-04	
394	1.039428e-02	-9.70794e-01	9.707936e-04	
395	1.039528e-02	-9.67702e-01	9.677021e-04	
396	1.039628e-02	-9.64458e-01	9.644579e-04	
397	1.039728e-02	-9.61061e-01	9.610613e-04	
398	1.039828e-02	-9.57513e-01	9.575130e-04	
399	1.039928e-02	-9.53813e-01	9.538135e-04	
400	1.040028e-02	-9.49963e-01	9.499633e-04	
401	1.040128e-02	-9.45963e-01	9.459632e-04	
402	1.040228e-02	-9.41814e-01	9.418136e-04	

Index   time            v(n1)           i(v1)           
--------------------------------------------------------------------------------
403	1.040328e-02	-9.37515e-01	9.375154e-04	
404	1.040428e-02	-9.33069e-01	9.330691e-04	
405	1.040528e-02	-9.28475e-01	9.284755e-04	
406	1.040628e-02	-9.23735e-01	9.237352e-04	
407	1.040728e-02	-9.18849e-01	9.188491e-04	
408	1.040828e-02	-9.13818e-01	9.138178e-04	
409	1.040928e-02	-9.08642e-01	9.086423e-04	
410	1.041028e-02	-9.03323e-01	9.033233e-04	
411	1.041128e-02	-8.97862e-01	8.978617e-04	
412	1.041228e-02	-8.92258e-01	8.922582e-04	
413	1.041328e-02	-8.86514e-01	8.865139e-04	
414	1.041428e-02	-8.80630e-01	8.806296e-04	
415	1.041528e-02	-8.74606e-01	8.746062e-04	
416	1.041628e-02	-8.68445e-01	8.684447e-04	
417	1.041728e-02	-8.62146e-01	8.621460e-04	
418	1.041828e-02	-8.55711e-01	8.557113e-04	
419	1.041928e-02	-8.49141e-01	8.491413e-04	
420	1.042028e-02	-8.42437e-01	8.424374e-04	
421	1.042128e-02	-8.35600e-01	8.356003e-04	
422	1.042228e-02	-8.28631e-01	8.286313e-04	
423	1.042328e-02	-8.21532e-01	8.215315e-04	
424	1.042428e-02	-8.14302e-01	8.143020e-04	
425	1.042528e-02	-8.06944e-01	8.069438e-04	
426	1.042628e-02	-7.99458e-01	7.994582e-04	
427	1.042728e-02	-7.91846e-01	7.918464e-04	
428	1.042828e-02	-7.84110e-01	7.841096e-04	
429	1.042928e-02	-7.76249e-01	7.762489e-04	
430	1.043028e-02	-7.68266e-01	7.682656e-04	
431	1.043128e-02	-7.60161e-01	7.601611e-04	
432	1.043228e-02	-7.51936e-01	7.519365e-04	
433	1.043328e-02	-7.43593e-01	7.435931e-04	
434	1.043428e-02	-7.35132e-01	7.351323e-04	
435	1.043528e-02	-7.26555e-01	7.265555e-04	
436	1.043628e-02	-7.17864e-01	7.178639e-04	
437	1.043728e-02	-7.09059e-01	7.090589e-04	
438	1.043828e-02	-7.00142e-01	7.001420e-04	
439	1.043928e-02	-6.91115e-01	6.911145e-04	
440	1.044028e-02	-6.81978e-01	6.819779e-04	
441	1.044128e-02	-6.72734e-01	6.727336e-04	
442	1.044228e-02	-6.63383e-01	6.633831e-04	
443	1.044328e-02	-6.53928e-01	6.539278e-04	
444	1.044428e-02	-6.44369e-01	6.443692e-04	
445	1.044528e-02	-6.34709e-01	6.347089e-04	
446	1.044628e-02	-6.24948e-01	6.249484e-04	
447	1.044728e-02	-6.15089e-01	6.150892e-04	
448	1.044828e-02	-6.05133e-01	6.051328e-04	
449	1.044928e-02	-5.95081e-01	5.950809e-04	
450	1.045028e-02	-5.84935e-01	5.849350e-04	
451	1.045128e-02	-5.74697e-01	5.746968e-04	
452	1.045228e-02	-5.64368e-01	5.643678e-04	
453	1.045328e-02	-5.53950e-01	5.539497e-04	
454	1.045428e-02	-5.43444e-01	5.434441e-04	
455	1.045528e-02	-5.32853e-01	5.328526e-04	
456	1.045628e-02	-5.22177e-01	5.221771e-04	
457	1.045728e-02	-5.11419e-01	5.114191e-04	
458	1.045828e-02	-5.00580e-01	5.005803e-04	
459	1.045928e-02	-4.89662e-01	4.896625e-04	
460	1.046028e-02	-4.78667e-01	4.786673e-04	

Index   time            v(n1)           i(v1)           
--------------------------------------------------------------------------------
461	1.046128e-02	-4.67597e-01	4.675966e-04	
462	1.046228e-02	-4.56452e-01	4.564520e-04	
463	1.046328e-02	-4.45235e-01	4.452354e-04	
464	1.046428e-02	-4.33948e-01	4.339484e-04	
465	1.046528e-02	-4.22593e-01	4.225930e-04	
466	1.046628e-02	-4.11171e-01	4.111707e-04	
467	1.046728e-02	-3.99684e-01	3.996836e-04	
468	1.046828e-02	-3.88133e-01	3.881333e-04	
469	1.046928e-02	-3.76522e-01	3.765218e-04	
470	1.047028e-02	-3.64851e-01	3.648508e-04	
471	1.047128e-02	-3.53122e-01	3.531222e-04	
472	1.047228e-02	-3.41338e-01	3.413378e-04	
473	1.047328e-02	-3.29499e-01	3.294995e-04	
474	1.047428e-02	-3.17609e-01	3.176092e-04	
475	1.047528e-02	-3.05669e-01	3.056687e-04	
476	1.047628e-02	-2.93680e-01	2.936800e-04	
477	1.047728e-02	-2.81645e-01	2.816449e-04	
478	1.047828e-02	-2.69565e-01	2.695653e-04	
479	1.047928e-02	-2.57443e-01	2.574431e-04	
480	1.048028e-02	-2.45280e-01	2.452803e-04	
481	1.048128e-02	-2.33079e-01	2.330788e-04	
482	1.048228e-02	-2.20840e-01	2.208404e-04	
483	1.048328e-02	-2.08567e-01	2.085672e-04	
484	1.048428e-02	-1.96261e-01	1.962610e-04	
485	1.048528e-02	-1.83924e-01	1.839239e-04	
486	1.048628e-02	-1.71558e-01	1.715577e-04	
487	1.048728e-02	-1.59164e-01	1.591644e-04	
488	1.048828e-02	-1.46746e-01	1.467460e-04	
489	1.048928e-02	-1.34304e-01	1.343044e-04	
490	1.049028e-02	-1.21842e-01	1.218416e-04	
491	1.049128e-02	-1.09360e-01	1.093596e-04	
492	1.049228e-02	-9.68603e-02	9.686028e-05	
493	1.049328e-02	-8.43457e-02	8.434568e-05	
494	1.049428e-02	-7.18178e-02	7.181776e-05	
495	1.049528e-02	-5.92785e-02	5.927850e-05	
496	1.049628e-02	-4.67299e-02	4.672987e-05	
497	1.049728e-02	-3.41739e-02	3.417387e-05	
498	1.049828e-02	-2.16125e-02	2.161247e-05	
499	1.049928e-02	-9.04766e-03	9.047663e-06	
500	1.050028e-02	3.518576e-03	-3.51858e-06	
501	1.050128e-02	1.608426e-02	-1.60843e-05	
502	1.050228e-02	2.864741e-02	-2.86474e-05	
503	1.050328e-02	4.120603e-02	-4.12060e-05	
504	1.050428e-02	5.375814e-02	-5.37581e-05	
505	1.050528e-02	6.630176e-02	-6.63018e-05	
506	1.050628e-02	7.883492e-02	-7.88349e-05	
507	1.050728e-02	9.135563e-02	-9.13556e-05	
508	1.050828e-02	1.038619e-01	-1.03862e-04	
509	1.050928e-02	1.163518e-01	-1.16352e-04	
510	1.051028e-02	1.288233e-01	-1.28823e-04	
511	1.051128e-02	1.412745e-01	-1.41274e-04	
512	1.051228e-02	1.537033e-01	-1.53703e-04	
513	1.051328e-02	1.661079e-01	-1.66108e-04	
514	1.051428e-02	1.784862e-01	-1.78486e-04	
515	1.051528e-02	1.908364e-01	-1.90836e-04	
516	1.051628e-02	2.031564e-01	-2.03156e-04	
517	1.051728e-02	2.154444e-01	-2.15444e-04	
518	1.051828e-02	2.276983e-01	-2.27698e-04	

Index   time            v(n1)           i(v1)           
--------------------------------------------------------------------------------
519	1.051928e-02	2.399163e-01	-2.39916e-04	
520	1.052028e-02	2.520964e-01	-2.52096e-04	
521	1.052128e-02	2.642367e-01	-2.64237e-04	
522	1.052228e-02	2.763352e-01	-2.76335e-04	
523	1.052328e-02	2.883901e-01	-2.88390e-04	
524	1.052428e-02	3.003995e-01	-3.00400e-04	
525	1.052528e-02	3.123614e-01	-3.12361e-04	
526	1.052628e-02	3.242741e-01	-3.24274e-04	
527	1.052728e-02	3.361355e-01	-3.36135e-04	
528	1.052828e-02	3.479438e-01	-3.47944e-04	
529	1.052928e-02	3.596972e-01	-3.59697e-04	
530	1.053028e-02	3.713938e-01	-3.71394e-04	
531	1.053128e-02	3.830317e-01	-3.83032e-04	
532	1.053228e-02	3.946092e-01	-3.94609e-04	
533	1.053328e-02	4.061243e-01	-4.06124e-04	
534	1.053428e-02	4.175753e-01	-4.17575e-04	
535	1.053528e-02	4.289604e-01	-4.28960e-04	
536	1.053628e-02	4.402777e-01	-4.40278e-04	
537	1.053728e-02	4.515255e-01	-4.51525e-04	
538	1.053828e-02	4.627020e-01	-4.62702e-04	
539	1.053928e-02	4.738054e-01	-4.73805e-04	
540	1.054028e-02	4.848340e-01	-4.84834e-04	
541	1.054128e-02	4.957861e-01	-4.95786e-04	
542	1.054228e-02	5.066599e-01	-5.06660e-04	
543	1.054328e-02	5.174536e-01	-5.17454e-04	
544	1.054428e-02	5.281657e-01	-5.28166e-04	
545	1.054528e-02	5.387943e-01	-5.38794e-04	
546	1.054628e-02	5.493379e-01	-5.49338e-04	
547	1.054728e-02	5.597947e-01	-5.59795e-04	
548	1.054828e-02	5.701631e-01	-5.70163e-04	
549	1.054928e-02	5.804415e-01	-5.80441e-04	
550	1.055028e-02	5.906282e-01	-5.90628e-04	
551	1.055128e-02	6.007217e-01	-6.00722e-04	
552	1.055228e-02	6.107203e-01	-6.10720e-04	
553	1.055328e-02	6.206224e-01	-6.20622e-04	
554	1.055428e-02	6.304266e-01	-6.30427e-04	
555	1.055528e-02	6.401312e-01	-6.40131e-04	
556	1.055628e-02	6.497347e-01	-6.49735e-04	
557	1.055728e-02	6.592356e-01	-6.59236e-04	
558	1.055828e-02	6.686324e-01	-6.68632e-04	
559	1.055928e-02	6.779236e-01	-6.77924e-04	
560	1.056028e-02	6.871078e-01	-6.87108e-04	
561	1.056128e-02	6.961835e-01	-6.96183e-04	
562	1.056228e-02	7.051492e-01	-7.05149e-04	
563	1.056328e-02	7.140036e-01	-7.14004e-04	
564	1.056428e-02	7.227452e-01	-7.22745e-04	
565	1.056528e-02	7.313727e-01	-7.31373e-04	
566	1.056628e-02	7.398848e-01	-7.39885e-04	
567	1.056728e-02	7.482799e-01	-7.48280e-04	
568	1.056828e-02	7.565570e-01	-7.56557e-04	
569	1.056928e-02	7.647145e-01	-7.64715e-04	
570	1.057028e-02	7.727513e-01	-7.72751e-04	
571	1.057128e-02	7.806661e-01	-7.80666e-04	
572	1.057228e-02	7.884576e-01	-7.88458e-04	
573	1.057328e-02	7.961245e-01	-7.96125e-04	
574	1.057428e-02	8.036658e-01	-8.03666e-04	
575	1.057528e-02	8.110802e-01	-8.11080e-04	
576	1.057628e-02	8.183664e-01	-8.18366e-04	

Index   time            v(n1)           i(v1)           
--------------------------------------------------------------------------------
577	1.057728e-02	8.255235e-01	-8.25523e-04	
578	1.057828e-02	8.325502e-01	-8.32550e-04	
579	1.057928e-02	8.394454e-01	-8.39445e-04	
580	1.058028e-02	8.462080e-01	-8.46208e-04	
581	1.058128e-02	8.528371e-01	-8.52837e-04	
582	1.058228e-02	8.593314e-01	-8.59331e-04	
583	1.058328e-02	8.656901e-01	-8.65690e-04	
584	1.058428e-02	8.719121e-01	-8.71912e-04	
585	1.058528e-02	8.779963e-01	-8.77996e-04	
586	1.058628e-02	8.839420e-01	-8.83942e-04	
587	1.058728e-02	8.897480e-01	-8.89748e-04	
588	1.058828e-02	8.954136e-01	-8.95414e-04	
589	1.058928e-02	9.009377e-01	-9.00938e-04	
590	1.059028e-02	9.063196e-01	-9.06320e-04	
591	1.059128e-02	9.115583e-01	-9.11558e-04	
592	1.059228e-02	9.166532e-01	-9.16653e-04	
593	1.059328e-02	9.216032e-01	-9.21603e-04	
594	1.059428e-02	9.264078e-01	-9.26408e-04	
595	1.059528e-02	9.310660e-01	-9.31066e-04	
596	1.059628e-02	9.355772e-01	-9.35577e-04	
597	1.059728e-02	9.399407e-01	-9.39941e-04	
598	1.059828e-02	9.441557e-01	-9.44156e-04	
599	1.059928e-02	9.482217e-01	-9.48222e-04	
600	1.060028e-02	9.521379e-01	-9.52138e-04	
601	1.060128e-02	9.559038e-01	-9.55904e-04	
602	1.060228e-02	9.595187e-01	-9.59519e-04	
603	1.060328e-02	9.629821e-01	-9.62982e-04	
604	1.060428e-02	9.662935e-01	-9.66293e-04	
605	1.060528e-02	9.694522e-01	-9.69452e-04	
606	1.060628e-02	9.724579e-01	-9.72458e-04	
607	1.060728e-02	9.753100e-01	-9.75310e-04	
608	1.060828e-02	9.780080e-01	-9.78008e-04	
609	1.060928e-02	9.805517e-01	-9.80552e-04	
610	1.061028e-02	9.829405e-01	-9.82940e-04	
611	1.061128e-02	9.851741e-01	-9.85174e-04	
612	1.061228e-02	9.872521e-01	-9.87252e-04	
613	1.061328e-02	9.891742e-01	-9.89174e-04	
614	1.061428e-02	9.909401e-01	-9.90940e-04	
615	1.061528e-02	9.925496e-01	-9.92550e-04	
616	1.061628e-02	9.940023e-01	-9.94002e-04	
617	1.061728e-02	9.952980e-01	-9.95298e-04	
618	1.061828e-02	9.964366e-01	-9.96437e-04	
619	1.061928e-02	9.974178e-01	-9.97418e-04	
620	1.062028e-02	9.982415e-01	-9.98241e-04	
621	1.062128e-02	9.989076e-01	-9.98908e-04	
622	1.062228e-02	9.994159e-01	-9.99416e-04	
623	1.062328e-02	9.997664e-01	-9.99766e-04	
624	1.062428e-02	9.999591e-01	-9.99959e-04	
625	1.062528e-02	9.999938e-01	-9.99994e-04	
626	1.062628e-02	9.998706e-01	-9.99871e-04	
627	1.062728e-02	9.995896e-01	-9.99590e-04	
628	1.062828e-02	9.991507e-01	-9.99151e-04	
629	1.062928e-02	9.985540e-01	-9.98554e-04	
630	1.063028e-02	9.977996e-01	-9.97800e-04	
631	1.063128e-02	9.968877e-01	-9.96888e-04	
632	1.063228e-02	9.958183e-01	-9.95818e-04	
633	1.063328e-02	9.945917e-01	-9.94592e-04	
634	1.063428e-02	9.932081e-01	-9.93208e-04	

Index   time            v(n1)           i(v1)           
--------------------------------------------------------------------------------
635	1.063528e-02	9.916676e-01	-9.91668e-04	
636	1.063628e-02	9.899705e-01	-9.89970e-04	
637	1.063728e-02	9.881170e-01	-9.88117e-04	
638	1.063828e-02	9.861076e-01	-9.86108e-04	
639	1.063928e-02	9.839424e-01	-9.83942e-04	
640	1.064028e-02	9.816219e-01	-9.81622e-04	
641	1.064128e-02	9.791463e-01	-9.79146e-04	
642	1.064228e-02	9.765161e-01	-9.76516e-04	
643	1.064328e-02	9.737317e-01	-9.73732e-04	
644	1.064428e-02	9.707936e-01	-9.70794e-04	
645	1.064528e-02	9.677021e-01	-9.67702e-04	
646	1.064628e-02	9.644579e-01	-9.64458e-04	
647	1.064728e-02	9.610613e-01	-9.61061e-04	
648	1.064828e-02	9.575130e-01	-9.57513e-04	
649	1.064928e-02	9.538135e-01	-9.53813e-04	
650	1.065028e-02	9.499633e-01	-9.49963e-04	
651	1.065128e-02	9.459632e-01	-9.45963e-04	
652	1.065228e-02	9.418136e-01	-9.41814e-04	
653	1.065328e-02	9.375154e-01	-9.37515e-04	
654	1.065428e-02	9.330691e-01	-9.33069e-04	
655	1.065528e-02	9.284755e-01	-9.28475e-04	
656	1.065628e-02	9.237352e-01	-9.23735e-04	
657	1.065728e-02	9.188491e-01	-9.18849e-04	
658	1.065828e-02	9.138178e-01	-9.13818e-04	
659	1.065928e-02	9.086423e-01	-9.08642e-04	
660	1.066028e-02	9.033233e-01	-9.03323e-04	
661	1.066128e-02	8.978617e-01	-8.97862e-04	
662	1.066228e-02	8.922582e-01	-8.92258e-04	
663	1.066328e-02	8.865139e-01	-8.86514e-04	
664	1.066428e-02	8.806296e-01	-8.80630e-04	
665	1.066528e-02	8.746062e-01	-8.74606e-04	
666	1.066628e-02	8.684447e-01	-8.68445e-04	
667	1.066728e-02	8.621460e-01	-8.62146e-04	
668	1.066828e-02	8.557113e-01	-8.55711e-04	
669	1.066928e-02	8.491413e-01	-8.49141e-04	
670	1.067028e-02	8.424374e-01	-8.42437e-04	
671	1.067128e-02	8.356003e-01	-8.35600e-04	
672	1.067228e-02	8.286313e-01	-8.28631e-04	
673	1.067328e-02	8.215315e-01	-8.21532e-04	
674	1.067428e-02	8.143020e-01	-8.14302e-04	
675	1.067528e-02	8.069438e-01	-8.06944e-04	
676	1.067628e-02	7.994582e-01	-7.99458e-04	
677	1.067728e-02	7.918464e-01	-7.91846e-04	
678	1.067828e-02	7.841096e-01	-7.84110e-04	
679	1.067928e-02	7.762489e-01	-7.76249e-04	
680	1.068028e-02	7.682656e-01	-7.68266e-04	
681	1.068128e-02	7.601611e-01	-7.60161e-04	
682	1.068228e-02	7.519365e-01	-7.51936e-04	
683	1.068328e-02	7.435931e-01	-7.43593e-04	
684	1.068428e-02	7.351323e-01	-7.35132e-04	
685	1.068528e-02	7.265555e-01	-7.26555e-04	
686	1.068628e-02	7.178639e-01	-7.17864e-04	
687	1.068728e-02	7.090589e-01	-7.09059e-04	
688	1.068828e-02	7.001420e-01	-7.00142e-04	
689	1.068928e-02	6.911145e-01	-6.91115e-04	
690	1.069028e-02	6.819779e-01	-6.81978e-04	
691	1.069128e-02	6.727336e-01	-6.72734e-04	
692	1.069228e-02	6.633831e-01	-6.63383e-04	

Index   time            v(n1)           i(v1)           
--------------------------------------------------------------------------------
693	1.069328e-02	6.539278e-01	-6.53928e-04	
694	1.069428e-02	6.443692e-01	-6.44369e-04	
695	1.069528e-02	6.347089e-01	-6.34709e-04	
696	1.069628e-02	6.249484e-01	-6.24948e-04	
697	1.069728e-02	6.150892e-01	-6.15089e-04	
698	1.069828e-02	6.051328e-01	-6.05133e-04	
699	1.069928e-02	5.950809e-01	-5.95081e-04	
700	1.070028e-02	5.849350e-01	-5.84935e-04	
701	1.070128e-02	5.746968e-01	-5.74697e-04	
702	1.070228e-02	5.643678e-01	-5.64368e-04	
703	1.070328e-02	5.539497e-01	-5.53950e-04	
704	1.070428e-02	5.434441e-01	-5.43444e-04	
705	1.070528e-02	5.328526e-01	-5.32853e-04	
706	1.070628e-02	5.221771e-01	-5.22177e-04	
707	1.070728e-02	5.114191e-01	-5.11419e-04	
708	1.070828e-02	5.005803e-01	-5.00580e-04	
709	1.070928e-02	4.896625e-01	-4.89662e-04	
710	1.071028e-02	4.786673e-01	-4.78667e-04	
711	1.071128e-02	4.675966e-01	-4.67597e-04	
712	1.071228e-02	4.564520e-01	-4.56452e-04	
713	1.071328e-02	4.452354e-01	-4.45235e-04	
714	1.071428e-02	4.339484e-01	-4.33948e-04	
715	1.071528e-02	4.225930e-01	-4.22593e-04	
716	1.071628e-02	4.111707e-01	-4.11171e-04	
717	1.071728e-02	3.996836e-01	-3.99684e-04	
718	1.071828e-02	3.881333e-01	-3.88133e-04	
719	1.071928e-02	3.765218e-01	-3.76522e-04	
720	1.072028e-02	3.648508e-01	-3.64851e-04	
721	1.072128e-02	3.531222e-01	-3.53122e-04	
722	1.072228e-02	3.413378e-01	-3.41338e-04	
723	1.072328e-02	3.294995e-01	-3.29499e-04	
724	1.072428e-02	3.176092e-01	-3.17609e-04	
725	1.072528e-02	3.056687e-01	-3.05669e-04	
726	1.072628e-02	2.936800e-01	-2.93680e-04	
727	1.072728e-02	2.816449e-01	-2.81645e-04	
728	1.072828e-02	2.695653e-01	-2.69565e-04	
729	1.072928e-02	2.574431e-01	-2.57443e-04	
730	1.073028e-02	2.452803e-01	-2.45280e-04	
731	1.073128e-02	2.330788e-01	-2.33079e-04	
732	1.073228e-02	2.208404e-01	-2.20840e-04	
733	1.073328e-02	2.085672e-01	-2.08567e-04	
734	1.073428e-02	1.962610e-01	-1.96261e-04	
735	1.073528e-02	1.839239e-01	-1.83924e-04	
736	1.073628e-02	1.715577e-01	-1.71558e-04	
737	1.073728e-02	1.591644e-01	-1.59164e-04	
738	1.073828e-02	1.467460e-01	-1.46746e-04	
739	1.073928e-02	1.343044e-01	-1.34304e-04	
740	1.074028e-02	1.218416e-01	-1.21842e-04	
741	1.074128e-02	1.093596e-01	-1.09360e-04	
742	1.074228e-02	9.686028e-02	-9.68603e-05	
743	1.074328e-02	8.434568e-02	-8.43457e-05	
744	1.074428e-02	7.181776e-02	-7.18178e-05	
745	1.074528e-02	5.927850e-02	-5.92785e-05	
746	1.074628e-02	4.672987e-02	-4.67299e-05	
747	1.074728e-02	3.417387e-02	-3.41739e-05	
748	1.074828e-02	2.161247e-02	-2.16125e-05	
749	1.074928e-02	9.047663e-03	-9.04766e-06	
750	1.075028e-02	-3.51858e-03	3.518576e-06	

Index   time            v(n1)           i(v1)           
--------------------------------------------------------------------------------
751	1.075128e-02	-1.60843e-02	1.608426e-05	
752	1.075228e-02	-2.86474e-02	2.864741e-05	
753	1.075328e-02	-4.12060e-02	4.120603e-05	
754	1.075428e-02	-5.37581e-02	5.375814e-05	
755	1.075528e-02	-6.63018e-02	6.630176e-05	
756	1.075628e-02	-7.88349e-02	7.883492e-05	
757	1.075728e-02	-9.13556e-02	9.135563e-05	
758	1.075828e-02	-1.03862e-01	1.038619e-04	
759	1.075928e-02	-1.16352e-01	1.163518e-04	
760	1.076028e-02	-1.28823e-01	1.288233e-04	
761	1.076128e-02	-1.41274e-01	1.412745e-04	
762	1.076228e-02	-1.53703e-01	1.537033e-04	
763	1.076328e-02	-1.66108e-01	1.661079e-04	
764	1.076428e-02	-1.78486e-01	1.784862e-04	
765	1.076528e-02	-1.90836e-01	1.908364e-04	
766	1.076628e-02	-2.03156e-01	2.031564e-04	
767	1.076728e-02	-2.15444e-01	2.154444e-04	
768	1.076828e-02	-2.27698e-01	2.276983e-04	
769	1.076928e-02	-2.39916e-01	2.399163e-04	
770	1.077028e-02	-2.52096e-01	2.520964e-04	
771	1.077128e-02	-2.64237e-01	2.642367e-04	
772	1.077228e-02	-2.76335e-01	2.763352e-04	
773	1.077328e-02	-2.88390e-01	2.883901e-04	
774	1.077428e-02	-3.00400e-01	3.003995e-04	
775	1.077528e-02	-3.12361e-01	3.123614e-04	
776	1.077628e-02	-3.24274e-01	3.242741e-04	
777	1.077728e-02	-3.36135e-01	3.361355e-04	
778	1.077828e-02	-3.47944e-01	3.479438e-04	
779	1.077928e-02	-3.59697e-01	3.596972e-04	
780	1.078028e-02	-3.71394e-01	3.713938e-04	
781	1.078128e-02	-3.83032e-01	3.830317e-04	
782	1.078228e-02	-3.94609e-01	3.946092e-04	
783	1.078328e-02	-4.06124e-01	4.061243e-04	
784	1.078428e-02	-4.17575e-01	4.175753e-04	
785	1.078528e-02	-4.28960e-01	4.289604e-04	
786	1.078628e-02	-4.40278e-01	4.402777e-04	
787	1.078728e-02	-4.51525e-01	4.515255e-04	
788	1.078828e-02	-4.62702e-01	4.627020e-04	
789	1.078928e-02	-4.73805e-01	4.738054e-04	
790	1.079028e-02	-4.84834e-01	4.848340e-04	
791	1.079128e-02	-4.95786e-01	4.957861e-04	
792	1.079228e-02	-5.06660e-01	5.066599e-04	
793	1.079328e-02	-5.17454e-01	5.174536e-04	
794	1.079428e-02	-5.28166e-01	5.281657e-04	
795	1.079528e-02	-5.38794e-01	5.387943e-04	
796	1.079628e-02	-5.49338e-01	5.493379e-04	
797	1.079728e-02	-5.59795e-01	5.597947e-04	
798	1.079828e-02	-5.70163e-01	5.701631e-04	
799	1.079928e-02	-5.80441e-01	5.804415e-04	
800	1.080028e-02	-5.90628e-01	5.906282e-04	
801	1.080128e-02	-6.00722e-01	6.007217e-04	
802	1.080228e-02	-6.10720e-01	6.107203e-04	
803	1.080328e-02	-6.20622e-01	6.206224e-04	
804	1.080428e-02	-6.30427e-01	6.304266e-04	
805	1.080528e-02	-6.40131e-01	6.401312e-04	
806	1.080628e-02	-6.49735e-01	6.497347e-04	
807	1.080728e-02	-6.59236e-01	6.592356e-04	
808	1.080828e-02	-6.68632e-01	6.686324e-04	

Index   time            v(n1)           i(v1)           
--------------------------------------------------------------------------------
809	1.080928e-02	-6.77924e-01	6.779236e-04	
810	1.081028e-02	-6.87108e-01	6.871078e-04	
811	1.081128e-02	-6.96183e-01	6.961835e-04	
812	1.081228e-02	-7.05149e-01	7.051492e-04	
813	1.081328e-02	-7.14004e-01	7.140036e-04	
814	1.081428e-02	-7.22745e-01	7.227452e-04	
815	1.081528e-02	-7.31373e-01	7.313727e-04	
816	1.081628e-02	-7.39885e-01	7.398848e-04	
817	1.081728e-02	-7.48280e-01	7.482799e-04	
818	1.081828e-02	-7.56557e-01	7.565570e-04	
819	1.081928e-02	-7.64715e-01	7.647145e-04	
820	1.082028e-02	-7.72751e-01	7.727513e-04	
821	1.082128e-02	-7.80666e-01	7.806661e-04	
822	1.082228e-02	-7.88458e-01	7.884576e-04	
823	1.082328e-02	-7.96125e-01	7.961245e-04	
824	1.082428e-02	-8.03666e-01	8.036658e-04	
825	1.082528e-02	-8.11080e-01	8.110802e-04	
826	1.082628e-02	-8.18366e-01	8.183664e-04	
827	1.082728e-02	-8.25523e-01	8.255235e-04	
828	1.082828e-02	-8.32550e-01	8.325502e-04	
829	1.082928e-02	-8.39445e-01	8.394454e-04	
830	1.083028e-02	-8.46208e-01	8.462080e-04	
831	1.083128e-02	-8.52837e-01	8.528371e-04	
832	1.083228e-02	-8.59331e-01	8.593314e-04	
833	1.083328e-02	-8.65690e-01	8.656901e-04	
834	1.083428e-02	-8.71912e-01	8.719121e-04	
835	1.083528e-02	-8.77996e-01	8.779963e-04	
836	1.083628e-02	-8.83942e-01	8.839420e-04	
837	1.083728e-02	-8.89748e-01	8.897480e-04	
838	1.083828e-02	-8.95414e-01	8.954136e-04	
839	1.083928e-02	-9.00938e-01	9.009377e-04	
840	1.084028e-02	-9.06320e-01	9.063196e-04	
841	1.084128e-02	-9.11558e-01	9.115583e-04	
842	1.084228e-02	-9.16653e-01	9.166532e-04	
843	1.084328e-02	-9.21603e-01	9.216032e-04	
844	1.084428e-02	-9.26408e-01	9.264078e-04	
845	1.084528e-02	-9.31066e-01	9.310660e-04	
846	1.084628e-02	-9.35577e-01	9.355772e-04	
847	1.084728e-02	-9.39941e-01	9.399407e-04	
848	1.084828e-02	-9.44156e-01	9.441557e-04	
849	1.084928e-02	-9.48222e-01	9.482217e-04	
850	1.085028e-02	-9.52138e-01	9.521379e-04	
851	1.085128e-02	-9.55904e-01	9.559038e-04	
852	1.085228e-02	-9.59519e-01	9.595187e-04	
853	1.085328e-02	-9.62982e-01	9.629821e-04	
854	1.085428e-02	-9.66293e-01	9.662935e-04	
855	1.085528e-02	-9.69452e-01	9.694522e-04	
856	1.085628e-02	-9.72458e-01	9.724579e-04	
857	1.085728e-02	-9.75310e-01	9.753100e-04	
858	1.085828e-02	-9.78008e-01	9.780080e-04	
859	1.085928e-02	-9.80552e-01	9.805517e-04	
860	1.086028e-02	-9.82940e-01	9.829405e-04	
861	1.086128e-02	-9.85174e-01	9.851741e-04	
862	1.086228e-02	-9.87252e-01	9.872521e-04	
863	1.086328e-02	-9.89174e-01	9.891742e-04	
864	1.086428e-02	-9.90940e-01	9.909401e-04	
865	1.086528e-02	-9.92550e-01	9.925496e-04	
866	1.086628e-02	-9.94002e-01	9.940023e-04	

Index   time            v(n1)           i(v1)           
--------------------------------------------------------------------------------
867	1.086728e-02	-9.95298e-01	9.952980e-04	
868	1.086828e-02	-9.96437e-01	9.964366e-04	
869	1.086928e-02	-9.97418e-01	9.974178e-04	
870	1.087028e-02	-9.98241e-01	9.982415e-04	
871	1.087128e-02	-9.98908e-01	9.989076e-04	
872	1.087228e-02	-9.99416e-01	9.994159e-04	
873	1.087328e-02	-9.99766e-01	9.997664e-04	
874	1.087428e-02	-9.99959e-01	9.999591e-04	
875	1.087528e-02	-9.99994e-01	9.999938e-04	
876	1.087628e-02	-9.99871e-01	9.998706e-04	
877	1.087728e-02	-9.99590e-01	9.995896e-04	
878	1.087828e-02	-9.99151e-01	9.991507e-04	
879	1.087928e-02	-9.98554e-01	9.985540e-04	
880	1.088028e-02	-9.97800e-01	9.977996e-04	
881	1.088128e-02	-9.96888e-01	9.968877e-04	
882	1.088228e-02	-9.95818e-01	9.958183e-04	
883	1.088328e-02	-9.94592e-01	9.945917e-04	
884	1.088428e-02	-9.93208e-01	9.932081e-04	
885	1.088528e-02	-9.91668e-01	9.916676e-04	
886	1.088628e-02	-9.89970e-01	9.899705e-04	
887	1.088728e-02	-9.88117e-01	9.881170e-04	
888	1.088828e-02	-9.86108e-01	9.861076e-04	
889	1.088928e-02	-9.83942e-01	9.839424e-04	
890	1.089028e-02	-9.81622e-01	9.816219e-04	
891	1.089128e-02	-9.79146e-01	9.791463e-04	
892	1.089228e-02	-9.76516e-01	9.765161e-04	
893	1.089328e-02	-9.73732e-01	9.737317e-04	
894	1.089428e-02	-9.70794e-01	9.707936e-04	
895	1.089528e-02	-9.67702e-01	9.677021e-04	
896	1.089628e-02	-9.64458e-01	9.644579e-04	
897	1.089728e-02	-9.61061e-01	9.610613e-04	
898	1.089828e-02	-9.57513e-01	9.575130e-04	
899	1.089928e-02	-9.53813e-01	9.538135e-04	
900	1.090028e-02	-9.49963e-01	9.499633e-04	
901	1.090128e-02	-9.45963e-01	9.459632e-04	
902	1.090228e-02	-9.41814e-01	9.418136e-04	
903	1.090328e-02	-9.37515e-01	9.375154e-04	
904	1.090428e-02	-9.33069e-01	9.330691e-04	
905	1.090528e-02	-9.28475e-01	9.284755e-04	
906	1.090628e-02	-9.23735e-01	9.237352e-04	
907	1.090728e-02	-9.18849e-01	9.188491e-04	
908	1.090828e-02	-9.13818e-01	9.138178e-04	
909	1.090928e-02	-9.08642e-01	9.086423e-04	
910	1.091028e-02	-9.03323e-01	9.033233e-04	
911	1.091128e-02	-8.97862e-01	8.978617e-04	
912	1.091228e-02	-8.92258e-01	8.922582e-04	
913	1.091328e-02	-8.86514e-01	8.865139e-04	
914	1.091428e-02	-8.80630e-01	8.806296e-04	
915	1.091528e-02	-8.74606e-01	8.746062e-04	
916	1.091628e-02	-8.68445e-01	8.684447e-04	
917	1.091728e-02	-8.62146e-01	8.621460e-04	
918	1.091828e-02	-8.55711e-01	8.557113e-04	
919	1.091928e-02	-8.49141e-01	8.491413e-04	
920	1.092028e-02	-8.42437e-01	8.424374e-04	
921	1.092128e-02	-8.35600e-01	8.356003e-04	
922	1.092228e-02	-8.28631e-01	8.286313e-04	
923	1.092328e-02	-8.21532e-01	8.215315e-04	
924	1.092428e-02	-8.14302e-01	8.143020e-04	

Index   time            v(n1)           i(v1)           
--------------------------------------------------------------------------------
925	1.092528e-02	-8.06944e-01	8.069438e-04	
926	1.092628e-02	-7.99458e-01	7.994582e-04	
927	1.092728e-02	-7.91846e-01	7.918464e-04	
928	1.092828e-02	-7.84110e-01	7.841096e-04	
929	1.092928e-02	-7.76249e-01	7.762489e-04	
930	1.093028e-02	-7.68266e-01	7.682656e-04	
931	1.093128e-02	-7.60161e-01	7.601611e-04	
932	1.093228e-02	-7.51936e-01	7.519365e-04	
933	1.093328e-02	-7.43593e-01	7.435931e-04	
934	1.093428e-02	-7.35132e-01	7.351323e-04	
935	1.093528e-02	-7.26555e-01	7.265555e-04	
936	1.093628e-02	-7.17864e-01	7.178639e-04	
937	1.093728e-02	-7.09059e-01	7.090589e-04	
938	1.093828e-02	-7.00142e-01	7.001420e-04	
939	1.093928e-02	-6.91115e-01	6.911145e-04	
940	1.094028e-02	-6.81978e-01	6.819779e-04	
941	1.094128e-02	-6.72734e-01	6.727336e-04	
942	1.094228e-02	-6.63383e-01	6.633831e-04	
943	1.094328e-02	-6.53928e-01	6.539278e-04	
944	1.094428e-02	-6.44369e-01	6.443692e-04	
945	1.094528e-02	-6.34709e-01	6.347089e-04	
946	1.094628e-02	-6.24948e-01	6.249484e-04	
947	1.094728e-02	-6.15089e-01	6.150892e-04	
948	1.094828e-02	-6.05133e-01	6.051328e-04	
949	1.094928e-02	-5.95081e-01	5.950809e-04	
950	1.095028e-02	-5.84935e-01	5.849350e-04	
951	1.095128e-02	-5.74697e-01	5.746968e-04	
952	1.095228e-02	-5.64368e-01	5.643678e-04	
953	1.095328e-02	-5.53950e-01	5.539497e-04	
954	1.095428e-02	-5.43444e-01	5.434441e-04	
955	1.095528e-02	-5.32853e-01	5.328526e-04	
956	1.095628e-02	-5.22177e-01	5.221771e-04	
957	1.095728e-02	-5.11419e-01	5.114191e-04	
958	1.095828e-02	-5.00580e-01	5.005803e-04	
959	1.095928e-02	-4.89662e-01	4.896625e-04	
960	1.096028e-02	-4.78667e-01	4.786673e-04	
961	1.096128e-02	-4.67597e-01	4.675966e-04	
962	1.096228e-02	-4.56452e-01	4.564520e-04	
963	1.096328e-02	-4.45235e-01	4.452354e-04	
964	1.096428e-02	-4.33948e-01	4.339484e-04	
965	1.096528e-02	-4.22593e-01	4.225930e-04	
966	1.096628e-02	-4.11171e-01	4.111707e-04	
967	1.096728e-02	-3.99684e-01	3.996836e-04	
968	1.096828e-02	-3.88133e-01	3.881333e-04	
969	1.096928e-02	-3.76522e-01	3.765218e-04	
970	1.097028e-02	-3.64851e-01	3.648508e-04	
971	1.097128e-02	-3.53122e-01	3.531222e-04	
972	1.097228e-02	-3.41338e-01	3.413378e-04	
973	1.097328e-02	-3.29499e-01	3.294995e-04	
974	1.097428e-02	-3.17609e-01	3.176092e-04	
975	1.097528e-02	-3.05669e-01	3.056687e-04	
976	1.097628e-02	-2.93680e-01	2.936800e-04	
977	1.097728e-02	-2.81645e-01	2.816449e-04	
978	1.097828e-02	-2.69565e-01	2.695653e-04	
979	1.097928e-02	-2.57443e-01	2.574431e-04	
980	1.098028e-02	-2.45280e-01	2.452803e-04	
981	1.098128e-02	-2.33079e-01	2.330788e-04	
982	1.098228e-02	-2.20840e-01	2.208404e-04	

Index   time            v(n1)           i(v1)           
--------------------------------------------------------------------------------
983	1.098328e-02	-2.08567e-01	2.085672e-04	
984	1.098428e-02	-1.96261e-01	1.962610e-04	
985	1.098528e-02	-1.83924e-01	1.839239e-04	
986	1.098628e-02	-1.71558e-01	1.715577e-04	
987	1.098728e-02	-1.59164e-01	1.591644e-04	
988	1.098828e-02	-1.46746e-01	1.467460e-04	
989	1.098928e-02	-1.34304e-01	1.343044e-04	
990	1.099028e-02	-1.21842e-01	1.218416e-04	
991	1.099128e-02	-1.09360e-01	1.093596e-04	
992	1.099228e-02	-9.68603e-02	9.686028e-05	
993	1.099328e-02	-8.43457e-02	8.434568e-05	
994	1.099428e-02	-7.18178e-02	7.181776e-05	
995	1.099528e-02	-5.92785e-02	5.927850e-05	
996	1.099628e-02	-4.67299e-02	4.672987e-05	
997	1.099728e-02	-3.41739e-02	3.417387e-05	
998	1.099828e-02	-2.16125e-02	2.161247e-05	
999	1.099928e-02	-9.04766e-03	9.047663e-06	
1000	1.100028e-02	3.518576e-03	-3.51858e-06	
1001	1.100128e-02	1.608426e-02	-1.60843e-05	
1002	1.100228e-02	2.864741e-02	-2.86474e-05	
1003	1.100328e-02	4.120603e-02	-4.12060e-05	
1004	1.100428e-02	5.375814e-02	-5.37581e-05	
1005	1.100528e-02	6.630176e-02	-6.63018e-05	
1006	1.100628e-02	7.883492e-02	-7.88349e-05	
1007	1.100728e-02	9.135563e-02	-9.13556e-05	
1008	1.100828e-02	1.038619e-01	-1.03862e-04	
1009	1.100928e-02	1.163518e-01	-1.16352e-04	
1010	1.101028e-02	1.288233e-01	-1.28823e-04	
1011	1.101128e-02	1.412745e-01	-1.41274e-04	
1012	1.101228e-02	1.537033e-01	-1.53703e-04	
1013	1.101328e-02	1.661079e-01	-1.66108e-04	
1014	1.101428e-02	1.784862e-01	-1.78486e-04	
1015	1.101528e-02	1.908364e-01	-1.90836e-04	
1016	1.101628e-02	2.031564e-01	-2.03156e-04	
1017	1.101728e-02	2.154444e-01	-2.15444e-04	
1018	1.101828e-02	2.276983e-01	-2.27698e-04	
1019	1.101928e-02	2.399163e-01	-2.39916e-04	
1020	1.102028e-02	2.520964e-01	-2.52096e-04	
1021	1.102128e-02	2.642367e-01	-2.64237e-04	
1022	1.102228e-02	2.763352e-01	-2.76335e-04	
1023	1.102328e-02	2.883901e-01	-2.88390e-04	
1024	1.102428e-02	3.003995e-01	-3.00400e-04	
1025	1.102528e-02	3.123614e-01	-3.12361e-04	
1026	1.102628e-02	3.242741e-01	-3.24274e-04	
1027	1.102728e-02	3.361355e-01	-3.36135e-04	
1028	1.102828e-02	3.479438e-01	-3.47944e-04	
1029	1.102928e-02	3.596972e-01	-3.59697e-04	
1030	1.103028e-02	3.713938e-01	-3.71394e-04	
1031	1.103128e-02	3.830317e-01	-3.83032e-04	
1032	1.103228e-02	3.946092e-01	-3.94609e-04	
1033	1.103328e-02	4.061243e-01	-4.06124e-04	
1034	1.103428e-02	4.175753e-01	-4.17575e-04	
1035	1.103528e-02	4.289604e-01	-4.28960e-04	
1036	1.103628e-02	4.402777e-01	-4.40278e-04	
1037	1.103728e-02	4.515255e-01	-4.51525e-04	
1038	1.103828e-02	4.627020e-01	-4.62702e-04	
1039	1.103928e-02	4.738054e-01	-4.73805e-04	
1040	1.104028e-02	4.848340e-01	-4.84834e-04	

Index   time            v(n1)           i(v1)           
--------------------------------------------------------------------------------
1041	1.104128e-02	4.957861e-01	-4.95786e-04	
1042	1.104228e-02	5.066599e-01	-5.06660e-04	
1043	1.104328e-02	5.174536e-01	-5.17454e-04	
1044	1.104428e-02	5.281657e-01	-5.28166e-04	
1045	1.104528e-02	5.387943e-01	-5.38794e-04	
1046	1.104628e-02	5.493379e-01	-5.49338e-04	
1047	1.104728e-02	5.597947e-01	-5.59795e-04	
1048	1.104828e-02	5.701631e-01	-5.70163e-04	
1049	1.104928e-02	5.804415e-01	-5.80441e-04	
1050	1.105028e-02	5.906282e-01	-5.90628e-04	
1051	1.105128e-02	6.007217e-01	-6.00722e-04	
1052	1.105228e-02	6.107203e-01	-6.10720e-04	
1053	1.105328e-02	6.206224e-01	-6.20622e-04	
1054	1.105428e-02	6.304266e-01	-6.30427e-04	
1055	1.105528e-02	6.401312e-01	-6.40131e-04	
1056	1.105628e-02	6.497347e-01	-6.49735e-04	
1057	1.105728e-02	6.592356e-01	-6.59236e-04	
1058	1.105828e-02	6.686324e-01	-6.68632e-04	
1059	1.105928e-02	6.779236e-01	-6.77924e-04	
1060	1.106028e-02	6.871078e-01	-6.87108e-04	
1061	1.106128e-02	6.961835e-01	-6.96183e-04	
1062	1.106228e-02	7.051492e-01	-7.05149e-04	
1063	1.106328e-02	7.140036e-01	-7.14004e-04	
1064	1.106428e-02	7.227452e-01	-7.22745e-04	
1065	1.106528e-02	7.313727e-01	-7.31373e-04	
1066	1.106628e-02	7.398848e-01	-7.39885e-04	
1067	1.106728e-02	7.482799e-01	-7.48280e-04	
1068	1.106828e-02	7.565570e-01	-7.56557e-04	
1069	1.106928e-02	7.647145e-01	-7.64715e-04	
1070	1.107028e-02	7.727513e-01	-7.72751e-04	
1071	1.107128e-02	7.806661e-01	-7.80666e-04	
1072	1.107228e-02	7.884576e-01	-7.88458e-04	
1073	1.107328e-02	7.961245e-01	-7.96125e-04	
1074	1.107428e-02	8.036658e-01	-8.03666e-04	
1075	1.107528e-02	8.110802e-01	-8.11080e-04	
1076	1.107628e-02	8.183664e-01	-8.18366e-04	
1077	1.107728e-02	8.255235e-01	-8.25523e-04	
1078	1.107828e-02	8.325502e-01	-8.32550e-04	
1079	1.107928e-02	8.394454e-01	-8.39445e-04	
1080	1.108028e-02	8.462080e-01	-8.46208e-04	
1081	1.108128e-02	8.528371e-01	-8.52837e-04	
1082	1.108228e-02	8.593314e-01	-8.59331e-04	
1083	1.108328e-02	8.656901e-01	-8.65690e-04	
1084	1.108428e-02	8.719121e-01	-8.71912e-04	
1085	1.108528e-02	8.779963e-01	-8.77996e-04	
1086	1.108628e-02	8.839420e-01	-8.83942e-04	
1087	1.108728e-02	8.897480e-01	-8.89748e-04	
1088	1.108828e-02	8.954136e-01	-8.95414e-04	
1089	1.108928e-02	9.009377e-01	-9.00938e-04	
1090	1.109028e-02	9.063196e-01	-9.06320e-04	
1091	1.109128e-02	9.115583e-01	-9.11558e-04	
1092	1.109228e-02	9.166532e-01	-9.16653e-04	
1093	1.109328e-02	9.216032e-01	-9.21603e-04	
1094	1.109428e-02	9.264078e-01	-9.26408e-04	
1095	1.109528e-02	9.310660e-01	-9.31066e-04	
1096	1.109628e-02	9.355772e-01	-9.35577e-04	
1097	1.109728e-02	9.399407e-01	-9.39941e-04	
1098	1.109828e-02	9.441557e-01	-9.44156e-04	

Index   time            v(n1)           i(v1)           
--------------------------------------------------------------------------------
1099	1.109928e-02	9.482217e-01	-9.48222e-04	
1100	1.110028e-02	9.521379e-01	-9.52138e-04	
1101	1.110128e-02	9.559038e-01	-9.55904e-04	
1102	1.110228e-02	9.595187e-01	-9.59519e-04	
1103	1.110328e-02	9.629821e-01	-9.62982e-04	
1104	1.110428e-02	9.662935e-01	-9.66293e-04	
1105	1.110528e-02	9.694522e-01	-9.69452e-04	
1106	1.110628e-02	9.724579e-01	-9.72458e-04	
1107	1.110728e-02	9.753100e-01	-9.75310e-04	
1108	1.110828e-02	9.780080e-01	-9.78008e-04	
1109	1.110928e-02	9.805517e-01	-9.80552e-04	
1110	1.111028e-02	9.829405e-01	-9.82940e-04	
1111	1.111128e-02	9.851741e-01	-9.85174e-04	
1112	1.111228e-02	9.872521e-01	-9.87252e-04	
1113	1.111328e-02	9.891742e-01	-9.89174e-04	
1114	1.111428e-02	9.909401e-01	-9.90940e-04	
1115	1.111528e-02	9.925496e-01	-9.92550e-04	
1116	1.111628e-02	9.940023e-01	-9.94002e-04	
1117	1.111728e-02	9.952980e-01	-9.95298e-04	
1118	1.111828e-02	9.964366e-01	-9.96437e-04	
1119	1.111928e-02	9.974178e-01	-9.97418e-04	
1120	1.112028e-02	9.982415e-01	-9.98241e-04	
1121	1.112128e-02	9.989076e-01	-9.98908e-04	
1122	1.112228e-02	9.994159e-01	-9.99416e-04	
1123	1.112328e-02	9.997664e-01	-9.99766e-04	
1124	1.112428e-02	9.999591e-01	-9.99959e-04	
1125	1.112528e-02	9.999938e-01	-9.99994e-04	
1126	1.112628e-02	9.998706e-01	-9.99871e-04	
1127	1.112728e-02	9.995896e-01	-9.99590e-04	
1128	1.112828e-02	9.991507e-01	-9.99151e-04	
1129	1.112928e-02	9.985540e-01	-9.98554e-04	
1130	1.113028e-02	9.977996e-01	-9.97800e-04	
1131	1.113128e-02	9.968877e-01	-9.96888e-04	
1132	1.113228e-02	9.958183e-01	-9.95818e-04	
1133	1.113328e-02	9.945917e-01	-9.94592e-04	
1134	1.113428e-02	9.932081e-01	-9.93208e-04	
1135	1.113528e-02	9.916676e-01	-9.91668e-04	
1136	1.113628e-02	9.899705e-01	-9.89970e-04	
1137	1.113728e-02	9.881170e-01	-9.88117e-04	
1138	1.113828e-02	9.861076e-01	-9.86108e-04	
1139	1.113928e-02	9.839424e-01	-9.83942e-04	
1140	1.114028e-02	9.816219e-01	-9.81622e-04	
1141	1.114128e-02	9.791463e-01	-9.79146e-04	
1142	1.114228e-02	9.765161e-01	-9.76516e-04	
1143	1.114328e-02	9.737317e-01	-9.73732e-04	
1144	1.114428e-02	9.707936e-01	-9.70794e-04	
1145	1.114528e-02	9.677021e-01	-9.67702e-04	
1146	1.114628e-02	9.644579e-01	-9.64458e-04	
1147	1.114728e-02	9.610613e-01	-9.61061e-04	
1148	1.114828e-02	9.575130e-01	-9.57513e-04	
1149	1.114928e-02	9.538135e-01	-9.53813e-04	
1150	1.115028e-02	9.499633e-01	-9.49963e-04	
1151	1.115128e-02	9.459632e-01	-9.45963e-04	
1152	1.115228e-02	9.418136e-01	-9.41814e-04	
1153	1.115328e-02	9.375154e-01	-9.37515e-04	
1154	1.115428e-02	9.330691e-01	-9.33069e-04	
1155	1.115528e-02	9.284755e-01	-9.28475e-04	
1156	1.115628e-02	9.237352e-01	-9.23735e-04	

Index   time            v(n1)           i(v1)           
--------------------------------------------------------------------------------
1157	1.115728e-02	9.188491e-01	-9.18849e-04	
1158	1.115828e-02	9.138178e-01	-9.13818e-04	
1159	1.115928e-02	9.086423e-01	-9.08642e-04	
1160	1.116028e-02	9.033233e-01	-9.03323e-04	
1161	1.116128e-02	8.978617e-01	-8.97862e-04	
1162	1.116228e-02	8.922582e-01	-8.92258e-04	
1163	1.116328e-02	8.865139e-01	-8.86514e-04	
1164	1.116428e-02	8.806296e-01	-8.80630e-04	
1165	1.116528e-02	8.746062e-01	-8.74606e-04	
1166	1.116628e-02	8.684447e-01	-8.68445e-04	
1167	1.116728e-02	8.621460e-01	-8.62146e-04	
1168	1.116828e-02	8.557113e-01	-8.55711e-04	
1169	1.116928e-02	8.491413e-01	-8.49141e-04	
1170	1.117028e-02	8.424374e-01	-8.42437e-04	
1171	1.117128e-02	8.356003e-01	-8.35600e-04	
1172	1.117228e-02	8.286313e-01	-8.28631e-04	
1173	1.117328e-02	8.215315e-01	-8.21532e-04	
1174	1.117428e-02	8.143020e-01	-8.14302e-04	
1175	1.117528e-02	8.069438e-01	-8.06944e-04	
1176	1.117628e-02	7.994582e-01	-7.99458e-04	
1177	1.117728e-02	7.918464e-01	-7.91846e-04	
1178	1.117828e-02	7.841096e-01	-7.84110e-04	
1179	1.117928e-02	7.762489e-01	-7.76249e-04	
1180	1.118028e-02	7.682656e-01	-7.68266e-04	
1181	1.118128e-02	7.601611e-01	-7.60161e-04	
1182	1.118228e-02	7.519365e-01	-7.51936e-04	
1183	1.118328e-02	7.435931e-01	-7.43593e-04	
1184	1.118428e-02	7.351323e-01	-7.35132e-04	
1185	1.118528e-02	7.265555e-01	-7.26555e-04	
1186	1.118628e-02	7.178639e-01	-7.17864e-04	
1187	1.118728e-02	7.090589e-01	-7.09059e-04	
1188	1.118828e-02	7.001420e-01	-7.00142e-04	
1189	1.118928e-02	6.911145e-01	-6.91115e-04	
1190	1.119028e-02	6.819779e-01	-6.81978e-04	
1191	1.119128e-02	6.727336e-01	-6.72734e-04	
1192	1.119228e-02	6.633831e-01	-6.63383e-04	
1193	1.119328e-02	6.539278e-01	-6.53928e-04	
1194	1.119428e-02	6.443692e-01	-6.44369e-04	
1195	1.119528e-02	6.347089e-01	-6.34709e-04	
1196	1.119628e-02	6.249484e-01	-6.24948e-04	
1197	1.119728e-02	6.150892e-01	-6.15089e-04	
1198	1.119828e-02	6.051328e-01	-6.05133e-04	
1199	1.119928e-02	5.950809e-01	-5.95081e-04	
1200	1.120028e-02	5.849350e-01	-5.84935e-04	
1201	1.120128e-02	5.746968e-01	-5.74697e-04	
1202	1.120228e-02	5.643678e-01	-5.64368e-04	
1203	1.120328e-02	5.539497e-01	-5.53950e-04	
1204	1.120428e-02	5.434441e-01	-5.43444e-04	
1205	1.120528e-02	5.328526e-01	-5.32853e-04	
1206	1.120628e-02	5.221771e-01	-5.22177e-04	
1207	1.120728e-02	5.114191e-01	-5.11419e-04	
1208	1.120828e-02	5.005803e-01	-5.00580e-04	
1209	1.120928e-02	4.896625e-01	-4.89662e-04	
1210	1.121028e-02	4.786673e-01	-4.78667e-04	
1211	1.121128e-02	4.675966e-01	-4.67597e-04	
1212	1.121228e-02	4.564520e-01	-4.56452e-04	
1213	1.121328e-02	4.452354e-01	-4.45235e-04	
1214	1.121428e-02	4.339484e-01	-4.33948e-04	

Index   time            v(n1)           i(v1)           
--------------------------------------------------------------------------------
1215	1.121528e-02	4.225930e-01	-4.22593e-04	
1216	1.121628e-02	4.111707e-01	-4.11171e-04	
1217	1.121728e-02	3.996836e-01	-3.99684e-04	
1218	1.121828e-02	3.881333e-01	-3.88133e-04	
1219	1.121928e-02	3.765218e-01	-3.76522e-04	
1220	1.122028e-02	3.648508e-01	-3.64851e-04	
1221	1.122128e-02	3.531222e-01	-3.53122e-04	
1222	1.122228e-02	3.413378e-01	-3.41338e-04	
1223	1.122328e-02	3.294995e-01	-3.29499e-04	
1224	1.122428e-02	3.176092e-01	-3.17609e-04	
1225	1.122528e-02	3.056687e-01	-3.05669e-04	
1226	1.122628e-02	2.936800e-01	-2.93680e-04	
1227	1.122728e-02	2.816449e-01	-2.81645e-04	
1228	1.122828e-02	2.695653e-01	-2.69565e-04	
1229	1.122928e-02	2.574431e-01	-2.57443e-04	
1230	1.123028e-02	2.452803e-01	-2.45280e-04	
1231	1.123128e-02	2.330788e-01	-2.33079e-04	
1232	1.123228e-02	2.208404e-01	-2.20840e-04	
1233	1.123328e-02	2.085672e-01	-2.08567e-04	
1234	1.123428e-02	1.962610e-01	-1.96261e-04	
1235	1.123528e-02	1.839239e-01	-1.83924e-04	
1236	1.123628e-02	1.715577e-01	-1.71558e-04	
1237	1.123728e-02	1.591644e-01	-1.59164e-04	
1238	1.123828e-02	1.467460e-01	-1.46746e-04	
1239	1.123928e-02	1.343044e-01	-1.34304e-04	
1240	1.124028e-02	1.218416e-01	-1.21842e-04	
1241	1.124128e-02	1.093596e-01	-1.09360e-04	
1242	1.124228e-02	9.686028e-02	-9.68603e-05	
1243	1.124328e-02	8.434568e-02	-8.43457e-05	
1244	1.124428e-02	7.181776e-02	-7.18178e-05	
1245	1.124528e-02	5.927850e-02	-5.92785e-05	
1246	1.124628e-02	4.672987e-02	-4.67299e-05	
1247	1.124728e-02	3.417387e-02	-3.41739e-05	
1248	1.124828e-02	2.161247e-02	-2.16125e-05	
1249	1.124928e-02	9.047663e-03	-9.04766e-06	
1250	1.125028e-02	-3.51858e-03	3.518576e-06	
1251	1.125128e-02	-1.60843e-02	1.608426e-05	
1252	1.125228e-02	-2.86474e-02	2.864741e-05	
1253	1.125328e-02	-4.12060e-02	4.120603e-05	
1254	1.125428e-02	-5.37581e-02	5.375814e-05	
1255	1.125528e-02	-6.63018e-02	6.630176e-05	
1256	1.125628e-02	-7.88349e-02	7.883492e-05	
1257	1.125728e-02	-9.13556e-02	9.135563e-05	
1258	1.125828e-02	-1.03862e-01	1.038619e-04	
1259	1.125928e-02	-1.16352e-01	1.163518e-04	
1260	1.126028e-02	-1.28823e-01	1.288233e-04	
1261	1.126128e-02	-1.41274e-01	1.412745e-04	
1262	1.126228e-02	-1.53703e-01	1.537033e-04	
1263	1.126328e-02	-1.66108e-01	1.661079e-04	
1264	1.126428e-02	-1.78486e-01	1.784862e-04	
1265	1.126528e-02	-1.90836e-01	1.908364e-04	
1266	1.126628e-02	-2.03156e-01	2.031564e-04	
1267	1.126728e-02	-2.15444e-01	2.154444e-04	
1268	1.126828e-02	-2.27698e-01	2.276983e-04	
1269	1.126928e-02	-2.39916e-01	2.399163e-04	
1270	1.127028e-02	-2.52096e-01	2.520964e-04	
1271	1.127128e-02	-2.64237e-01	2.642367e-04	
1272	1.127228e-02	-2.76335e-01	2.763352e-04	

Index   time            v(n1)           i(v1)           
--------------------------------------------------------------------------------
1273	1.127328e-02	-2.88390e-01	2.883901e-04	
1274	1.127428e-02	-3.00400e-01	3.003995e-04	
1275	1.127528e-02	-3.12361e-01	3.123614e-04	
1276	1.127628e-02	-3.24274e-01	3.242741e-04	
1277	1.127728e-02	-3.36135e-01	3.361355e-04	
1278	1.127828e-02	-3.47944e-01	3.479438e-04	
1279	1.127928e-02	-3.59697e-01	3.596972e-04	
1280	1.128028e-02	-3.71394e-01	3.713938e-04	
1281	1.128128e-02	-3.83032e-01	3.830317e-04	
1282	1.128228e-02	-3.94609e-01	3.946092e-04	
1283	1.128328e-02	-4.06124e-01	4.061243e-04	
1284	1.128428e-02	-4.17575e-01	4.175753e-04	
1285	1.128528e-02	-4.28960e-01	4.289604e-04	
1286	1.128628e-02	-4.40278e-01	4.402777e-04	
1287	1.128728e-02	-4.51525e-01	4.515255e-04	
1288	1.128828e-02	-4.62702e-01	4.627020e-04	
1289	1.128928e-02	-4.73805e-01	4.738054e-04	
1290	1.129028e-02	-4.84834e-01	4.848340e-04	
1291	1.129128e-02	-4.95786e-01	4.957861e-04	
1292	1.129228e-02	-5.06660e-01	5.066599e-04	
1293	1.129328e-02	-5.17454e-01	5.174536e-04	
1294	1.129428e-02	-5.28166e-01	5.281657e-04	
1295	1.129528e-02	-5.38794e-01	5.387943e-04	
1296	1.129628e-02	-5.49338e-01	5.493379e-04	
1297	1.129728e-02	-5.59795e-01	5.597947e-04	
1298	1.129828e-02	-5.70163e-01	5.701631e-04	
1299	1.129928e-02	-5.80441e-01	5.804415e-04	
1300	1.130028e-02	-5.90628e-01	5.906282e-04	
1301	1.130128e-02	-6.00722e-01	6.007217e-04	
1302	1.130228e-02	-6.10720e-01	6.107203e-04	
1303	1.130328e-02	-6.20622e-01	6.206224e-04	
1304	1.130428e-02	-6.30427e-01	6.304266e-04	
1305	1.130528e-02	-6.40131e-01	6.401312e-04	
1306	1.130628e-02	-6.49735e-01	6.497347e-04	
1307	1.130728e-02	-6.59236e-01	6.592356e-04	
1308	1.130828e-02	-6.68632e-01	6.686324e-04	
1309	1.130928e-02	-6.77924e-01	6.779236e-04	
1310	1.131028e-02	-6.87108e-01	6.871078e-04	
1311	1.131128e-02	-6.96183e-01	6.961835e-04	
1312	1.131228e-02	-7.05149e-01	7.051492e-04	
1313	1.131328e-02	-7.14004e-01	7.140036e-04	
1314	1.131428e-02	-7.22745e-01	7.227452e-04	
1315	1.131528e-02	-7.31373e-01	7.313727e-04	
1316	1.131628e-02	-7.39885e-01	7.398848e-04	
1317	1.131728e-02	-7.48280e-01	7.482799e-04	
1318	1.131828e-02	-7.56557e-01	7.565570e-04	
1319	1.131928e-02	-7.64715e-01	7.647145e-04	
1320	1.132028e-02	-7.72751e-01	7.727513e-04	
1321	1.132128e-02	-7.80666e-01	7.806661e-04	
1322	1.132228e-02	-7.88458e-01	7.884576e-04	
1323	1.132328e-02	-7.96125e-01	7.961245e-04	
1324	1.132428e-02	-8.03666e-01	8.036658e-04	
1325	1.132528e-02	-8.11080e-01	8.110802e-04	
1326	1.132628e-02	-8.18366e-01	8.183664e-04	
1327	1.132728e-02	-8.25523e-01	8.255235e-04	
1328	1.132828e-02	-8.32550e-01	8.325502e-04	
1329	1.132928e-02	-8.39445e-01	8.394454e-04	
1330	1.133028e-02	-8.46208e-01	8.462080e-04	

Index   time            v(n1)           i(v1)           
--------------------------------------------------------------------------------
1331	1.133128e-02	-8.52837e-01	8.528371e-04	
1332	1.133228e-02	-8.59331e-01	8.593314e-04	
1333	1.133328e-02	-8.65690e-01	8.656901e-04	
1334	1.133428e-02	-8.71912e-01	8.719121e-04	
1335	1.133528e-02	-8.77996e-01	8.779963e-04	
1336	1.133628e-02	-8.83942e-01	8.839420e-04	
1337	1.133728e-02	-8.89748e-01	8.897480e-04	
1338	1.133828e-02	-8.95414e-01	8.954136e-04	
1339	1.133928e-02	-9.00938e-01	9.009377e-04	
1340	1.134028e-02	-9.06320e-01	9.063196e-04	
1341	1.134128e-02	-9.11558e-01	9.115583e-04	
1342	1.134228e-02	-9.16653e-01	9.166532e-04	
1343	1.134328e-02	-9.21603e-01	9.216032e-04	
1344	1.134428e-02	-9.26408e-01	9.264078e-04	
1345	1.134528e-02	-9.31066e-01	9.310660e-04	
1346	1.134628e-02	-9.35577e-01	9.355772e-04	
1347	1.134728e-02	-9.39941e-01	9.399407e-04	
1348	1.134828e-02	-9.44156e-01	9.441557e-04	
1349	1.134928e-02	-9.48222e-01	9.482217e-04	
1350	1.135028e-02	-9.52138e-01	9.521379e-04	
1351	1.135128e-02	-9.55904e-01	9.559038e-04	
1352	1.135228e-02	-9.59519e-01	9.595187e-04	
1353	1.135328e-02	-9.62982e-01	9.629821e-04	
1354	1.135428e-02	-9.66293e-01	9.662935e-04	
1355	1.135528e-02	-9.69452e-01	9.694522e-04	
1356	1.135628e-02	-9.72458e-01	9.724579e-04	
1357	1.135728e-02	-9.75310e-01	9.753100e-04	
1358	1.135828e-02	-9.78008e-01	9.780080e-04	
1359	1.135928e-02	-9.80552e-01	9.805517e-04	
1360	1.136028e-02	-9.82940e-01	9.829405e-04	
1361	1.136128e-02	-9.85174e-01	9.851741e-04	
1362	1.136228e-02	-9.87252e-01	9.872521e-04	
1363	1.136328e-02	-9.89174e-01	9.891742e-04	
1364	1.136428e-02	-9.90940e-01	9.909401e-04	
1365	1.136528e-02	-9.92550e-01	9.925496e-04	
1366	1.136628e-02	-9.94002e-01	9.940023e-04	
1367	1.136728e-02	-9.95298e-01	9.952980e-04	
1368	1.136828e-02	-9.96437e-01	9.964366e-04	
1369	1.136928e-02	-9.97418e-01	9.974178e-04	
1370	1.137028e-02	-9.98241e-01	9.982415e-04	
1371	1.137128e-02	-9.98908e-01	9.989076e-04	
1372	1.137228e-02	-9.99416e-01	9.994159e-04	
1373	1.137328e-02	-9.99766e-01	9.997664e-04	
1374	1.137428e-02	-9.99959e-01	9.999591e-04	
1375	1.137528e-02	-9.99994e-01	9.999938e-04	
1376	1.137628e-02	-9.99871e-01	9.998706e-04	
1377	1.137728e-02	-9.99590e-01	9.995896e-04	
1378	1.137828e-02	-9.99151e-01	9.991507e-04	
1379	1.137928e-02	-9.98554e-01	9.985540e-04	
1380	1.138028e-02	-9.97800e-01	9.977996e-04	
1381	1.138128e-02	-9.96888e-01	9.968877e-04	
1382	1.138228e-02	-9.95818e-01	9.958183e-04	
1383	1.138328e-02	-9.94592e-01	9.945917e-04	
1384	1.138428e-02	-9.93208e-01	9.932081e-04	
1385	1.138528e-02	-9.91668e-01	9.916676e-04	
1386	1.138628e-02	-9.89970e-01	9.899705e-04	
1387	1.138728e-02	-9.88117e-01	9.881170e-04	
1388	1.138828e-02	-9.86108e-01	9.861076e-04	

Index   time            v(n1)           i(v1)           
--------------------------------------------------------------------------------
1389	1.138928e-02	-9.83942e-01	9.839424e-04	
1390	1.139028e-02	-9.81622e-01	9.816219e-04	
1391	1.139128e-02	-9.79146e-01	9.791463e-04	
1392	1.139228e-02	-9.76516e-01	9.765161e-04	
1393	1.139328e-02	-9.73732e-01	9.737317e-04	
1394	1.139428e-02	-9.70794e-01	9.707936e-04	
1395	1.139528e-02	-9.67702e-01	9.677021e-04	
1396	1.139628e-02	-9.64458e-01	9.644579e-04	
1397	1.139728e-02	-9.61061e-01	9.610613e-04	
1398	1.139828e-02	-9.57513e-01	9.575130e-04	
1399	1.139928e-02	-9.53813e-01	9.538135e-04	
1400	1.140028e-02	-9.49963e-01	9.499633e-04	
1401	1.140128e-02	-9.45963e-01	9.459632e-04	
1402	1.140228e-02	-9.41814e-01	9.418136e-04	
1403	1.140328e-02	-9.37515e-01	9.375154e-04	
1404	1.140428e-02	-9.33069e-01	9.330691e-04	
1405	1.140528e-02	-9.28475e-01	9.284755e-04	
1406	1.140628e-02	-9.23735e-01	9.237352e-04	
1407	1.140728e-02	-9.18849e-01	9.188491e-04	
1408	1.140828e-02	-9.13818e-01	9.138178e-04	
1409	1.140928e-02	-9.08642e-01	9.086423e-04	
1410	1.141028e-02	-9.03323e-01	9.033233e-04	
1411	1.141128e-02	-8.97862e-01	8.978617e-04	
1412	1.141228e-02	-8.92258e-01	8.922582e-04	
1413	1.141328e-02	-8.86514e-01	8.865139e-04	
1414	1.141428e-02	-8.80630e-01	8.806296e-04	
1415	1.141528e-02	-8.74606e-01	8.746062e-04	
1416	1.141628e-02	-8.68445e-01	8.684447e-04	
1417	1.141728e-02	-8.62146e-01	8.621460e-04	
1418	1.141828e-02	-8.55711e-01	8.557113e-04	
1419	1.141928e-02	-8.49141e-01	8.491413e-04	
1420	1.142028e-02	-8.42437e-01	8.424374e-04	
1421	1.142128e-02	-8.35600e-01	8.356003e-04	
1422	1.142228e-02	-8.28631e-01	8.286313e-04	
1423	1.142328e-02	-8.21532e-01	8.215315e-04	
1424	1.142428e-02	-8.14302e-01	8.143020e-04	
1425	1.142528e-02	-8.06944e-01	8.069438e-04	
1426	1.142628e-02	-7.99458e-01	7.994582e-04	
1427	1.142728e-02	-7.91846e-01	7.918464e-04	
1428	1.142828e-02	-7.84110e-01	7.841096e-04	
1429	1.142928e-02	-7.76249e-01	7.762489e-04	
1430	1.143028e-02	-7.68266e-01	7.682656e-04	
1431	1.143128e-02	-7.60161e-01	7.601611e-04	
1432	1.143228e-02	-7.51936e-01	7.519365e-04	
1433	1.143328e-02	-7.43593e-01	7.435931e-04	
1434	1.143428e-02	-7.35132e-01	7.351323e-04	
1435	1.143528e-02	-7.26555e-01	7.265555e-04	
1436	1.143628e-02	-7.17864e-01	7.178639e-04	
1437	1.143728e-02	-7.09059e-01	7.090589e-04	
1438	1.143828e-02	-7.00142e-01	7.001420e-04	
1439	1.143928e-02	-6.91115e-01	6.911145e-04	
1440	1.144028e-02	-6.81978e-01	6.819779e-04	
1441	1.144128e-02	-6.72734e-01	6.727336e-04	
1442	1.144228e-02	-6.63383e-01	6.633831e-04	
1443	1.144328e-02	-6.53928e-01	6.539278e-04	
1444	1.144428e-02	-6.44369e-01	6.443692e-04	
1445	1.144528e-02	-6.34709e-01	6.347089e-04	
1446	1.144628e-02	-6.24948e-01	6.249484e-04	

Index   time            v(n1)           i(v1)           
--------------------------------------------------------------------------------
1447	1.144728e-02	-6.15089e-01	6.150892e-04	
1448	1.144828e-02	-6.05133e-01	6.051328e-04	
1449	1.144928e-02	-5.95081e-01	5.950809e-04	
1450	1.145028e-02	-5.84935e-01	5.849350e-04	
1451	1.145128e-02	-5.74697e-01	5.746968e-04	
1452	1.145228e-02	-5.64368e-01	5.643678e-04	
1453	1.145328e-02	-5.53950e-01	5.539497e-04	
1454	1.145428e-02	-5.43444e-01	5.434441e-04	
1455	1.145528e-02	-5.32853e-01	5.328526e-04	
1456	1.145628e-02	-5.22177e-01	5.221771e-04	
1457	1.145728e-02	-5.11419e-01	5.114191e-04	
1458	1.145828e-02	-5.00580e-01	5.005803e-04	
1459	1.145928e-02	-4.89662e-01	4.896625e-04	
1460	1.146028e-02	-4.78667e-01	4.786673e-04	
1461	1.146128e-02	-4.67597e-01	4.675966e-04	
1462	1.146228e-02	-4.56452e-01	4.564520e-04	
1463	1.146328e-02	-4.45235e-01	4.452354e-04	
1464	1.146428e-02	-4.33948e-01	4.339484e-04	
1465	1.146528e-02	-4.22593e-01	4.225930e-04	
1466	1.146628e-02	-4.11171e-01	4.111707e-04	
1467	1.146728e-02	-3.99684e-01	3.996836e-04	
1468	1.146828e-02	-3.88133e-01	3.881333e-04	
1469	1.146928e-02	-3.76522e-01	3.765218e-04	
1470	1.147028e-02	-3.64851e-01	3.648508e-04	
1471	1.147128e-02	-3.53122e-01	3.531222e-04	
1472	1.147228e-02	-3.41338e-01	3.413378e-04	
1473	1.147328e-02	-3.29499e-01	3.294995e-04	
1474	1.147428e-02	-3.17609e-01	3.176092e-04	
1475	1.147528e-02	-3.05669e-01	3.056687e-04	
1476	1.147628e-02	-2.93680e-01	2.936800e-04	
1477	1.147728e-02	-2.81645e-01	2.816449e-04	
1478	1.147828e-02	-2.69565e-01	2.695653e-04	
1479	1.147928e-02	-2.57443e-01	2.574431e-04	
1480	1.148028e-02	-2.45280e-01	2.452803e-04	
1481	1.148128e-02	-2.33079e-01	2.330788e-04	
1482	1.148228e-02	-2.20840e-01	2.208404e-04	
1483	1.148328e-02	-2.08567e-01	2.085672e-04	
1484	1.148428e-02	-1.96261e-01	1.962610e-04	
1485	1.148528e-02	-1.83924e-01	1.839239e-04	
1486	1.148628e-02	-1.71558e-01	1.715577e-04	
1487	1.148728e-02	-1.59164e-01	1.591644e-04	
1488	1.148828e-02	-1.46746e-01	1.467460e-04	
1489	1.148928e-02	-1.34304e-01	1.343044e-04	
1490	1.149028e-02	-1.21842e-01	1.218416e-04	
1491	1.149128e-02	-1.09360e-01	1.093596e-04	
1492	1.149228e-02	-9.68603e-02	9.686028e-05	
1493	1.149328e-02	-8.43457e-02	8.434568e-05	
1494	1.149428e-02	-7.18178e-02	7.181776e-05	
1495	1.149528e-02	-5.92785e-02	5.927850e-05	
1496	1.149628e-02	-4.67299e-02	4.672987e-05	
1497	1.149728e-02	-3.41739e-02	3.417387e-05	
1498	1.149828e-02	-2.16125e-02	2.161247e-05	
1499	1.149928e-02	-9.04766e-03	9.047663e-06	
1500	1.150028e-02	3.518576e-03	-3.51858e-06	
1501	1.150128e-02	1.608426e-02	-1.60843e-05	
1502	1.150228e-02	2.864741e-02	-2.86474e-05	
1503	1.150328e-02	4.120603e-02	-4.12060e-05	
1504	1.150428e-02	5.375814e-02	-5.37581e-05	

Index   time            v(n1)           i(v1)           
--------------------------------------------------------------------------------
1505	1.150528e-02	6.630176e-02	-6.63018e-05	
1506	1.150628e-02	7.883492e-02	-7.88349e-05	
1507	1.150728e-02	9.135563e-02	-9.13556e-05	
1508	1.150828e-02	1.038619e-01	-1.03862e-04	
1509	1.150928e-02	1.163518e-01	-1.16352e-04	
1510	1.151028e-02	1.288233e-01	-1.28823e-04	
1511	1.151128e-02	1.412745e-01	-1.41274e-04	
1512	1.151228e-02	1.537033e-01	-1.53703e-04	
1513	1.151328e-02	1.661079e-01	-1.66108e-04	
1514	1.151428e-02	1.784862e-01	-1.78486e-04	
1515	1.151528e-02	1.908364e-01	-1.90836e-04	
1516	1.151628e-02	2.031564e-01	-2.03156e-04	
1517	1.151728e-02	2.154444e-01	-2.15444e-04	
1518	1.151828e-02	2.276983e-01	-2.27698e-04	
1519	1.151928e-02	2.399163e-01	-2.39916e-04	
1520	1.152028e-02	2.520964e-01	-2.52096e-04	
1521	1.152128e-02	2.642367e-01	-2.64237e-04	
1522	1.152228e-02	2.763352e-01	-2.76335e-04	
1523	1.152328e-02	2.883901e-01	-2.88390e-04	
1524	1.152428e-02	3.003995e-01	-3.00400e-04	
1525	1.152528e-02	3.123614e-01	-3.12361e-04	
1526	1.152628e-02	3.242741e-01	-3.24274e-04	
1527	1.152728e-02	3.361355e-01	-3.36135e-04	
1528	1.152828e-02	3.479438e-01	-3.47944e-04	
1529	1.152928e-02	3.596972e-01	-3.59697e-04	
1530	1.153028e-02	3.713938e-01	-3.71394e-04	
1531	1.153128e-02	3.830317e-01	-3.83032e-04	
1532	1.153228e-02	3.946092e-01	-3.94609e-04	
1533	1.153328e-02	4.061243e-01	-4.06124e-04	
1534	1.153428e-02	4.175753e-01	-4.17575e-04	
1535	1.153528e-02	4.289604e-01	-4.28960e-04	
1536	1.153628e-02	4.402777e-01	-4.40278e-04	
1537	1.153728e-02	4.515255e-01	-4.51525e-04	
1538	1.153828e-02	4.627020e-01	-4.62702e-04	
1539	1.153928e-02	4.738054e-01	-4.73805e-04	
1540	1.154028e-02	4.848340e-01	-4.84834e-04	
1541	1.154128e-02	4.957861e-01	-4.95786e-04	
1542	1.154228e-02	5.066599e-01	-5.06660e-04	
1543	1.154328e-02	5.174536e-01	-5.17454e-04	
1544	1.154428e-02	5.281657e-01	-5.28166e-04	
1545	1.154528e-02	5.387943e-01	-5.38794e-04	
1546	1.154628e-02	5.493379e-01	-5.49338e-04	
1547	1.154728e-02	5.597947e-01	-5.59795e-04	
1548	1.154828e-02	5.701631e-01	-5.70163e-04	
1549	1.154928e-02	5.804415e-01	-5.80441e-04	
1550	1.155028e-02	5.906282e-01	-5.90628e-04	
1551	1.155128e-02	6.007217e-01	-6.00722e-04	
1552	1.155228e-02	6.107203e-01	-6.10720e-04	
1553	1.155328e-02	6.206224e-01	-6.20622e-04	
1554	1.155428e-02	6.304266e-01	-6.30427e-04	
1555	1.155528e-02	6.401312e-01	-6.40131e-04	
1556	1.155628e-02	6.497347e-01	-6.49735e-04	
1557	1.155728e-02	6.592356e-01	-6.59236e-04	
1558	1.155828e-02	6.686324e-01	-6.68632e-04	
1559	1.155928e-02	6.779236e-01	-6.77924e-04	
1560	1.156028e-02	6.871078e-01	-6.87108e-04	
1561	1.156128e-02	6.961835e-01	-6.96183e-04	
1562	1.156228e-02	7.051492e-01	-7.05149e-04	

Index   time            v(n1)           i(v1)           
--------------------------------------------------------------------------------
1563	1.156328e-02	7.140036e-01	-7.14004e-04	
1564	1.156428e-02	7.227452e-01	-7.22745e-04	
1565	1.156528e-02	7.313727e-01	-7.31373e-04	
1566	1.156628e-02	7.398848e-01	-7.39885e-04	
1567	1.156728e-02	7.482799e-01	-7.48280e-04	
1568	1.156828e-02	7.565570e-01	-7.56557e-04	
1569	1.156928e-02	7.647145e-01	-7.64715e-04	
1570	1.157028e-02	7.727513e-01	-7.72751e-04	
1571	1.157128e-02	7.806661e-01	-7.80666e-04	
1572	1.157228e-02	7.884576e-01	-7.88458e-04	
1573	1.157328e-02	7.961245e-01	-7.96125e-04	
1574	1.157428e-02	8.036658e-01	-8.03666e-04	
1575	1.157528e-02	8.110802e-01	-8.11080e-04	
1576	1.157628e-02	8.183664e-01	-8.18366e-04	
1577	1.157728e-02	8.255235e-01	-8.25523e-04	
1578	1.157828e-02	8.325502e-01	-8.32550e-04	
1579	1.157928e-02	8.394454e-01	-8.39445e-04	
1580	1.158028e-02	8.462080e-01	-8.46208e-04	
1581	1.158128e-02	8.528371e-01	-8.52837e-04	
1582	1.158228e-02	8.593314e-01	-8.59331e-04	
1583	1.158328e-02	8.656901e-01	-8.65690e-04	
1584	1.158428e-02	8.719121e-01	-8.71912e-04	
1585	1.158528e-02	8.779963e-01	-8.77996e-04	
1586	1.158628e-02	8.839420e-01	-8.83942e-04	
1587	1.158728e-02	8.897480e-01	-8.89748e-04	
1588	1.158828e-02	8.954136e-01	-8.95414e-04	
1589	1.158928e-02	9.009377e-01	-9.00938e-04	
1590	1.159028e-02	9.063196e-01	-9.06320e-04	
1591	1.159128e-02	9.115583e-01	-9.11558e-04	
1592	1.159228e-02	9.166532e-01	-9.16653e-04	
1593	1.159328e-02	9.216032e-01	-9.21603e-04	
1594	1.159428e-02	9.264078e-01	-9.26408e-04	
1595	1.159528e-02	9.310660e-01	-9.31066e-04	
1596	1.159628e-02	9.355772e-01	-9.35577e-04	
1597	1.159728e-02	9.399407e-01	-9.39941e-04	
1598	1.159828e-02	9.441557e-01	-9.44156e-04	
1599	1.159928e-02	9.482217e-01	-9.48222e-04	
1600	1.160028e-02	9.521379e-01	-9.52138e-04	
1601	1.160128e-02	9.559038e-01	-9.55904e-04	
1602	1.160228e-02	9.595187e-01	-9.59519e-04	
1603	1.160328e-02	9.629821e-01	-9.62982e-04	
1604	1.160428e-02	9.662935e-01	-9.66293e-04	
1605	1.160528e-02	9.694522e-01	-9.69452e-04	
1606	1.160628e-02	9.724579e-01	-9.72458e-04	
1607	1.160728e-02	9.753100e-01	-9.75310e-04	
1608	1.160828e-02	9.780080e-01	-9.78008e-04	
1609	1.160928e-02	9.805517e-01	-9.80552e-04	
1610	1.161028e-02	9.829405e-01	-9.82940e-04	
1611	1.161128e-02	9.851741e-01	-9.85174e-04	
1612	1.161228e-02	9.872521e-01	-9.87252e-04	
1613	1.161328e-02	9.891742e-01	-9.89174e-04	
1614	1.161428e-02	9.909401e-01	-9.90940e-04	
1615	1.161528e-02	9.925496e-01	-9.92550e-04	
1616	1.161628e-02	9.940023e-01	-9.94002e-04	
1617	1.161728e-02	9.952980e-01	-9.95298e-04	
1618	1.161828e-02	9.964366e-01	-9.96437e-04	
1619	1.161928e-02	9.974178e-01	-9.97418e-04	
1620	1.162028e-02	9.982415e-01	-9.98241e-04	

Index   time            v(n1)           i(v1)           
--------------------------------------------------------------------------------
1621	1.162128e-02	9.989076e-01	-9.98908e-04	
1622	1.162228e-02	9.994159e-01	-9.99416e-04	
1623	1.162328e-02	9.997664e-01	-9.99766e-04	
1624	1.162428e-02	9.999591e-01	-9.99959e-04	
1625	1.162528e-02	9.999938e-01	-9.99994e-04	
1626	1.162628e-02	9.998706e-01	-9.99871e-04	
1627	1.162728e-02	9.995896e-01	-9.99590e-04	
1628	1.162828e-02	9.991507e-01	-9.99151e-04	
1629	1.162928e-02	9.985540e-01	-9.98554e-04	
1630	1.163028e-02	9.977996e-01	-9.97800e-04	
1631	1.163128e-02	9.968877e-01	-9.96888e-04	
1632	1.163228e-02	9.958183e-01	-9.95818e-04	
1633	1.163328e-02	9.945917e-01	-9.94592e-04	
1634	1.163428e-02	9.932081e-01	-9.93208e-04	
1635	1.163528e-02	9.916676e-01	-9.91668e-04	
1636	1.163628e-02	9.899705e-01	-9.89970e-04	
1637	1.163728e-02	9.881170e-01	-9.88117e-04	
1638	1.163828e-02	9.861076e-01	-9.86108e-04	
1639	1.163928e-02	9.839424e-01	-9.83942e-04	
1640	1.164028e-02	9.816219e-01	-9.81622e-04	
1641	1.164128e-02	9.791463e-01	-9.79146e-04	
1642	1.164228e-02	9.765161e-01	-9.76516e-04	
1643	1.164328e-02	9.737317e-01	-9.73732e-04	
1644	1.164428e-02	9.707936e-01	-9.70794e-04	
1645	1.164528e-02	9.677021e-01	-9.67702e-04	
1646	1.164628e-02	9.644579e-01	-9.64458e-04	
1647	1.164728e-02	9.610613e-01	-9.61061e-04	
1648	1.164828e-02	9.575130e-01	-9.57513e-04	
1649	1.164928e-02	9.538135e-01	-9.53813e-04	
1650	1.165028e-02	9.499633e-01	-9.49963e-04	
1651	1.165128e-02	9.459632e-01	-9.45963e-04	
1652	1.165228e-02	9.418136e-01	-9.41814e-04	
1653	1.165328e-02	9.375154e-01	-9.37515e-04	
1654	1.165428e-02	9.330691e-01	-9.33069e-04	
1655	1.165528e-02	9.284755e-01	-9.28475e-04	
1656	1.165628e-02	9.237352e-01	-9.23735e-04	
1657	1.165728e-02	9.188491e-01	-9.18849e-04	
1658	1.165828e-02	9.138178e-01	-9.13818e-04	
1659	1.165928e-02	9.086423e-01	-9.08642e-04	
1660	1.166028e-02	9.033233e-01	-9.03323e-04	
1661	1.166128e-02	8.978617e-01	-8.97862e-04	
1662	1.166228e-02	8.922582e-01	-8.92258e-04	
1663	1.166328e-02	8.865139e-01	-8.86514e-04	
1664	1.166428e-02	8.806296e-01	-8.80630e-04	
1665	1.166528e-02	8.746062e-01	-8.74606e-04	
1666	1.166628e-02	8.684447e-01	-8.68445e-04	
1667	1.166728e-02	8.621460e-01	-8.62146e-04	
1668	1.166828e-02	8.557113e-01	-8.55711e-04	
1669	1.166928e-02	8.491413e-01	-8.49141e-04	
1670	1.167028e-02	8.424374e-01	-8.42437e-04	
1671	1.167128e-02	8.356003e-01	-8.35600e-04	
1672	1.167228e-02	8.286313e-01	-8.28631e-04	
1673	1.167328e-02	8.215315e-01	-8.21532e-04	
1674	1.167428e-02	8.143020e-01	-8.14302e-04	
1675	1.167528e-02	8.069438e-01	-8.06944e-04	
1676	1.167628e-02	7.994582e-01	-7.99458e-04	
1677	1.167728e-02	7.918464e-01	-7.91846e-04	
1678	1.167828e-02	7.841096e-01	-7.84110e-04	

Index   time            v(n1)           i(v1)           
--------------------------------------------------------------------------------
1679	1.167928e-02	7.762489e-01	-7.76249e-04	
1680	1.168028e-02	7.682656e-01	-7.68266e-04	
1681	1.168128e-02	7.601611e-01	-7.60161e-04	
1682	1.168228e-02	7.519365e-01	-7.51936e-04	
1683	1.168328e-02	7.435931e-01	-7.43593e-04	
1684	1.168428e-02	7.351323e-01	-7.35132e-04	
1685	1.168528e-02	7.265555e-01	-7.26555e-04	
1686	1.168628e-02	7.178639e-01	-7.17864e-04	
1687	1.168728e-02	7.090589e-01	-7.09059e-04	
1688	1.168828e-02	7.001420e-01	-7.00142e-04	
1689	1.168928e-02	6.911145e-01	-6.91115e-04	
1690	1.169028e-02	6.819779e-01	-6.81978e-04	
1691	1.169128e-02	6.727336e-01	-6.72734e-04	
1692	1.169228e-02	6.633831e-01	-6.63383e-04	
1693	1.169328e-02	6.539278e-01	-6.53928e-04	
1694	1.169428e-02	6.443692e-01	-6.44369e-04	
1695	1.169528e-02	6.347089e-01	-6.34709e-04	
1696	1.169628e-02	6.249484e-01	-6.24948e-04	
1697	1.169728e-02	6.150892e-01	-6.15089e-04	
1698	1.169828e-02	6.051328e-01	-6.05133e-04	
1699	1.169928e-02	5.950809e-01	-5.95081e-04	
1700	1.170028e-02	5.849350e-01	-5.84935e-04	
1701	1.170128e-02	5.746968e-01	-5.74697e-04	
1702	1.170228e-02	5.643678e-01	-5.64368e-04	
1703	1.170328e-02	5.539497e-01	-5.53950e-04	
1704	1.170428e-02	5.434441e-01	-5.43444e-04	
1705	1.170528e-02	5.328526e-01	-5.32853e-04	
1706	1.170628e-02	5.221771e-01	-5.22177e-04	
1707	1.170728e-02	5.114191e-01	-5.11419e-04	
1708	1.170828e-02	5.005803e-01	-5.00580e-04	
1709	1.170928e-02	4.896625e-01	-4.89662e-04	
1710	1.171028e-02	4.786673e-01	-4.78667e-04	
1711	1.171128e-02	4.675966e-01	-4.67597e-04	
1712	1.171228e-02	4.564520e-01	-4.56452e-04	
1713	1.171328e-02	4.452354e-01	-4.45235e-04	
1714	1.171428e-02	4.339484e-01	-4.33948e-04	
1715	1.171528e-02	4.225930e-01	-4.22593e-04	
1716	1.171628e-02	4.111707e-01	-4.11171e-04	
1717	1.171728e-02	3.996836e-01	-3.99684e-04	
1718	1.171828e-02	3.881333e-01	-3.88133e-04	
1719	1.171928e-02	3.765218e-01	-3.76522e-04	
1720	1.172028e-02	3.648508e-01	-3.64851e-04	
1721	1.172128e-02	3.531222e-01	-3.53122e-04	
1722	1.172228e-02	3.413378e-01	-3.41338e-04	
1723	1.172328e-02	3.294995e-01	-3.29499e-04	
1724	1.172428e-02	3.176092e-01	-3.17609e-04	
1725	1.172528e-02	3.056687e-01	-3.05669e-04	
1726	1.172628e-02	2.936800e-01	-2.93680e-04	
1727	1.172728e-02	2.816449e-01	-2.81645e-04	
1728	1.172828e-02	2.695653e-01	-2.69565e-04	
1729	1.172928e-02	2.574431e-01	-2.57443e-04	
1730	1.173028e-02	2.452803e-01	-2.45280e-04	
1731	1.173128e-02	2.330788e-01	-2.33079e-04	
1732	1.173228e-02	2.208404e-01	-2.20840e-04	
1733	1.173328e-02	2.085672e-01	-2.08567e-04	
1734	1.173428e-02	1.962610e-01	-1.96261e-04	
1735	1.173528e-02	1.839239e-01	-1.83924e-04	
1736	1.173628e-02	1.715577e-01	-1.71558e-04	

Index   time            v(n1)           i(v1)           
--------------------------------------------------------------------------------
1737	1.173728e-02	1.591644e-01	-1.59164e-04	
1738	1.173828e-02	1.467460e-01	-1.46746e-04	
1739	1.173928e-02	1.343044e-01	-1.34304e-04	
1740	1.174028e-02	1.218416e-01	-1.21842e-04	
1741	1.174128e-02	1.093596e-01	-1.09360e-04	
1742	1.174228e-02	9.686028e-02	-9.68603e-05	
1743	1.174328e-02	8.434568e-02	-8.43457e-05	
1744	1.174428e-02	7.181776e-02	-7.18178e-05	
1745	1.174528e-02	5.927850e-02	-5.92785e-05	
1746	1.174628e-02	4.672987e-02	-4.67299e-05	
1747	1.174728e-02	3.417387e-02	-3.41739e-05	
1748	1.174828e-02	2.161247e-02	-2.16125e-05	
1749	1.174928e-02	9.047663e-03	-9.04766e-06	
1750	1.175028e-02	-3.51858e-03	3.518576e-06	
1751	1.175128e-02	-1.60843e-02	1.608426e-05	
1752	1.175228e-02	-2.86474e-02	2.864741e-05	
1753	1.175328e-02	-4.12060e-02	4.120603e-05	
1754	1.175428e-02	-5.37581e-02	5.375814e-05	
1755	1.175528e-02	-6.63018e-02	6.630176e-05	
1756	1.175628e-02	-7.88349e-02	7.883492e-05	
1757	1.175728e-02	-9.13556e-02	9.135563e-05	
1758	1.175828e-02	-1.03862e-01	1.038619e-04	
1759	1.175928e-02	-1.16352e-01	1.163518e-04	
1760	1.176028e-02	-1.28823e-01	1.288233e-04	
1761	1.176128e-02	-1.41274e-01	1.412745e-04	
1762	1.176228e-02	-1.53703e-01	1.537033e-04	
1763	1.176328e-02	-1.66108e-01	1.661079e-04	
1764	1.176428e-02	-1.78486e-01	1.784862e-04	
1765	1.176528e-02	-1.90836e-01	1.908364e-04	
1766	1.176628e-02	-2.03156e-01	2.031564e-04	
1767	1.176728e-02	-2.15444e-01	2.154444e-04	
1768	1.176828e-02	-2.27698e-01	2.276983e-04	
1769	1.176928e-02	-2.39916e-01	2.399163e-04	
1770	1.177028e-02	-2.52096e-01	2.520964e-04	
1771	1.177128e-02	-2.64237e-01	2.642367e-04	
1772	1.177228e-02	-2.76335e-01	2.763352e-04	
1773	1.177328e-02	-2.88390e-01	2.883901e-04	
1774	1.177428e-02	-3.00400e-01	3.003995e-04	
1775	1.177528e-02	-3.12361e-01	3.123614e-04	
1776	1.177628e-02	-3.24274e-01	3.242741e-04	
1777	1.177728e-02	-3.36135e-01	3.361355e-04	
1778	1.177828e-02	-3.47944e-01	3.479438e-04	
1779	1.177928e-02	-3.59697e-01	3.596972e-04	
1780	1.178028e-02	-3.71394e-01	3.713938e-04	
1781	1.178128e-02	-3.83032e-01	3.830317e-04	
1782	1.178228e-02	-3.94609e-01	3.946092e-04	
1783	1.178328e-02	-4.06124e-01	4.061243e-04	
1784	1.178428e-02	-4.17575e-01	4.175753e-04	
1785	1.178528e-02	-4.28960e-01	4.289604e-04	
1786	1.178628e-02	-4.40278e-01	4.402777e-04	
1787	1.178728e-02	-4.51525e-01	4.515255e-04	
1788	1.178828e-02	-4.62702e-01	4.627020e-04	
1789	1.178928e-02	-4.73805e-01	4.738054e-04	
1790	1.179028e-02	-4.84834e-01	4.848340e-04	
1791	1.179128e-02	-4.95786e-01	4.957861e-04	
1792	1.179228e-02	-5.06660e-01	5.066599e-04	
1793	1.179328e-02	-5.17454e-01	5.174536e-04	
1794	1.179428e-02	-5.28166e-01	5.281657e-04	

Index   time            v(n1)           i(v1)           
--------------------------------------------------------------------------------
1795	1.179528e-02	-5.38794e-01	5.387943e-04	
1796	1.179628e-02	-5.49338e-01	5.493379e-04	
1797	1.179728e-02	-5.59795e-01	5.597947e-04	
1798	1.179828e-02	-5.70163e-01	5.701631e-04	
1799	1.179928e-02	-5.80441e-01	5.804415e-04	
1800	1.180028e-02	-5.90628e-01	5.906282e-04	
1801	1.180128e-02	-6.00722e-01	6.007217e-04	
1802	1.180228e-02	-6.10720e-01	6.107203e-04	
1803	1.180328e-02	-6.20622e-01	6.206224e-04	
1804	1.180428e-02	-6.30427e-01	6.304266e-04	
1805	1.180528e-02	-6.40131e-01	6.401312e-04	
1806	1.180628e-02	-6.49735e-01	6.497347e-04	
1807	1.180728e-02	-6.59236e-01	6.592356e-04	
1808	1.180828e-02	-6.68632e-01	6.686324e-04	
1809	1.180928e-02	-6.77924e-01	6.779236e-04	
1810	1.181028e-02	-6.87108e-01	6.871078e-04	
1811	1.181128e-02	-6.96183e-01	6.961835e-04	
1812	1.181228e-02	-7.05149e-01	7.051492e-04	
1813	1.181328e-02	-7.14004e-01	7.140036e-04	
1814	1.181428e-02	-7.22745e-01	7.227452e-04	
1815	1.181528e-02	-7.31373e-01	7.313727e-04	
1816	1.181628e-02	-7.39885e-01	7.398848e-04	
1817	1.181728e-02	-7.48280e-01	7.482799e-04	
1818	1.181828e-02	-7.56557e-01	7.565570e-04	
1819	1.181928e-02	-7.64715e-01	7.647145e-04	
1820	1.182028e-02	-7.72751e-01	7.727513e-04	
1821	1.182128e-02	-7.80666e-01	7.806661e-04	
1822	1.182228e-02	-7.88458e-01	7.884576e-04	
1823	1.182328e-02	-7.96125e-01	7.961245e-04	
1824	1.182428e-02	-8.03666e-01	8.036658e-04	
1825	1.182528e-02	-8.11080e-01	8.110802e-04	
1826	1.182628e-02	-8.18366e-01	8.183664e-04	
1827	1.182728e-02	-8.25523e-01	8.255235e-04	
1828	1.182828e-02	-8.32550e-01	8.325502e-04	
1829	1.182928e-02	-8.39445e-01	8.394454e-04	
1830	1.183028e-02	-8.46208e-01	8.462080e-04	
1831	1.183128e-02	-8.52837e-01	8.528371e-04	
1832	1.183228e-02	-8.59331e-01	8.593314e-04	
1833	1.183328e-02	-8.65690e-01	8.656901e-04	
1834	1.183428e-02	-8.71912e-01	8.719121e-04	
1835	1.183528e-02	-8.77996e-01	8.779963e-04	
1836	1.183628e-02	-8.83942e-01	8.839420e-04	
1837	1.183728e-02	-8.89748e-01	8.897480e-04	
1838	1.183828e-02	-8.95414e-01	8.954136e-04	
1839	1.183928e-02	-9.00938e-01	9.009377e-04	
1840	1.184028e-02	-9.06320e-01	9.063196e-04	
1841	1.184128e-02	-9.11558e-01	9.115583e-04	
1842	1.184228e-02	-9.16653e-01	9.166532e-04	
1843	1.184328e-02	-9.21603e-01	9.216032e-04	
1844	1.184428e-02	-9.26408e-01	9.264078e-04	
1845	1.184528e-02	-9.31066e-01	9.310660e-04	
1846	1.184628e-02	-9.35577e-01	9.355772e-04	
1847	1.184728e-02	-9.39941e-01	9.399407e-04	
1848	1.184828e-02	-9.44156e-01	9.441557e-04	
1849	1.184928e-02	-9.48222e-01	9.482217e-04	
1850	1.185028e-02	-9.52138e-01	9.521379e-04	
1851	1.185128e-02	-9.55904e-01	9.559038e-04	
1852	1.185228e-02	-9.59519e-01	9.595187e-04	

Index   time            v(n1)           i(v1)           
--------------------------------------------------------------------------------
1853	1.185328e-02	-9.62982e-01	9.629821e-04	
1854	1.185428e-02	-9.66293e-01	9.662935e-04	
1855	1.185528e-02	-9.69452e-01	9.694522e-04	
1856	1.185628e-02	-9.72458e-01	9.724579e-04	
1857	1.185728e-02	-9.75310e-01	9.753100e-04	
1858	1.185828e-02	-9.78008e-01	9.780080e-04	
1859	1.185928e-02	-9.80552e-01	9.805517e-04	
1860	1.186028e-02	-9.82940e-01	9.829405e-04	
1861	1.186128e-02	-9.85174e-01	9.851741e-04	
1862	1.186228e-02	-9.87252e-01	9.872521e-04	
1863	1.186328e-02	-9.89174e-01	9.891742e-04	
1864	1.186428e-02	-9.90940e-01	9.909401e-04	
1865	1.186528e-02	-9.92550e-01	9.925496e-04	
1866	1.186628e-02	-9.94002e-01	9.940023e-04	
1867	1.186728e-02	-9.95298e-01	9.952980e-04	
1868	1.186828e-02	-9.96437e-01	9.964366e-04	
1869	1.186928e-02	-9.97418e-01	9.974178e-04	
1870	1.187028e-02	-9.98241e-01	9.982415e-04	
1871	1.187128e-02	-9.98908e-01	9.989076e-04	
1872	1.187228e-02	-9.99416e-01	9.994159e-04	
1873	1.187328e-02	-9.99766e-01	9.997664e-04	
1874	1.187428e-02	-9.99959e-01	9.999591e-04	
1875	1.187528e-02	-9.99994e-01	9.999938e-04	
1876	1.187628e-02	-9.99871e-01	9.998706e-04	
1877	1.187728e-02	-9.99590e-01	9.995896e-04	
1878	1.187828e-02	-9.99151e-01	9.991507e-04	
1879	1.187928e-02	-9.98554e-01	9.985540e-04	
1880	1.188028e-02	-9.97800e-01	9.977996e-04	
1881	1.188128e-02	-9.96888e-01	9.968877e-04	
1882	1.188228e-02	-9.95818e-01	9.958183e-04	
1883	1.188328e-02	-9.94592e-01	9.945917e-04	
1884	1.188428e-02	-9.93208e-01	9.932081e-04	
1885	1.188528e-02	-9.91668e-01	9.916676e-04	
1886	1.188628e-02	-9.89970e-01	9.899705e-04	
1887	1.188728e-02	-9.88117e-01	9.881170e-04	
1888	1.188828e-02	-9.86108e-01	9.861076e-04	
1889	1.188928e-02	-9.83942e-01	9.839424e-04	
1890	1.189028e-02	-9.81622e-01	9.816219e-04	
1891	1.189128e-02	-9.79146e-01	9.791463e-04	
1892	1.189228e-02	-9.76516e-01	9.765161e-04	
1893	1.189328e-02	-9.73732e-01	9.737317e-04	
1894	1.189428e-02	-9.70794e-01	9.707936e-04	
1895	1.189528e-02	-9.67702e-01	9.677021e-04	
1896	1.189628e-02	-9.64458e-01	9.644579e-04	
1897	1.189728e-02	-9.61061e-01	9.610613e-04	
1898	1.189828e-02	-9.57513e-01	9.575130e-04	
1899	1.189928e-02	-9.53813e-01	9.538135e-04	
1900	1.190028e-02	-9.49963e-01	9.499633e-04	
1901	1.190128e-02	-9.45963e-01	9.459632e-04	
1902	1.190228e-02	-9.41814e-01	9.418136e-04	
1903	1.190328e-02	-9.37515e-01	9.375154e-04	
1904	1.190428e-02	-9.33069e-01	9.330691e-04	
1905	1.190528e-02	-9.28475e-01	9.284755e-04	
1906	1.190628e-02	-9.23735e-01	9.237352e-04	
1907	1.190728e-02	-9.18849e-01	9.188491e-04	
1908	1.190828e-02	-9.13818e-01	9.138178e-04	
1909	1.190928e-02	-9.08642e-01	9.086423e-04	
1910	1.191028e-02	-9.03323e-01	9.033233e-04	

Index   time            v(n1)           i(v1)           
--------------------------------------------------------------------------------
1911	1.191128e-02	-8.97862e-01	8.978617e-04	
1912	1.191228e-02	-8.92258e-01	8.922582e-04	
1913	1.191328e-02	-8.86514e-01	8.865139e-04	
1914	1.191428e-02	-8.80630e-01	8.806296e-04	
1915	1.191528e-02	-8.74606e-01	8.746062e-04	
1916	1.191628e-02	-8.68445e-01	8.684447e-04	
1917	1.191728e-02	-8.62146e-01	8.621460e-04	
1918	1.191828e-02	-8.55711e-01	8.557113e-04	
1919	1.191928e-02	-8.49141e-01	8.491413e-04	
1920	1.192028e-02	-8.42437e-01	8.424374e-04	
1921	1.192128e-02	-8.35600e-01	8.356003e-04	
1922	1.192228e-02	-8.28631e-01	8.286313e-04	
1923	1.192328e-02	-8.21532e-01	8.215315e-04	
1924	1.192428e-02	-8.14302e-01	8.143020e-04	
1925	1.192528e-02	-8.06944e-01	8.069438e-04	
1926	1.192628e-02	-7.99458e-01	7.994582e-04	
1927	1.192728e-02	-7.91846e-01	7.918464e-04	
1928	1.192828e-02	-7.84110e-01	7.841096e-04	
1929	1.192928e-02	-7.76249e-01	7.762489e-04	
1930	1.193028e-02	-7.68266e-01	7.682656e-04	
1931	1.193128e-02	-7.60161e-01	7.601611e-04	
1932	1.193228e-02	-7.51936e-01	7.519365e-04	
1933	1.193328e-02	-7.43593e-01	7.435931e-04	
1934	1.193428e-02	-7.35132e-01	7.351323e-04	
1935	1.193528e-02	-7.26555e-01	7.265555e-04	
1936	1.193628e-02	-7.17864e-01	7.178639e-04	
1937	1.193728e-02	-7.09059e-01	7.090589e-04	
1938	1.193828e-02	-7.00142e-01	7.001420e-04	
1939	1.193928e-02	-6.91115e-01	6.911145e-04	
1940	1.194028e-02	-6.81978e-01	6.819779e-04	
1941	1.194128e-02	-6.72734e-01	6.727336e-04	
1942	1.194228e-02	-6.63383e-01	6.633831e-04	
1943	1.194328e-02	-6.53928e-01	6.539278e-04	
1944	1.194428e-02	-6.44369e-01	6.443692e-04	
1945	1.194528e-02	-6.34709e-01	6.347089e-04	
1946	1.194628e-02	-6.24948e-01	6.249484e-04	
1947	1.194728e-02	-6.15089e-01	6.150892e-04	
1948	1.194828e-02	-6.05133e-01	6.051328e-04	
1949	1.194928e-02	-5.95081e-01	5.950809e-04	
1950	1.195028e-02	-5.84935e-01	5.849350e-04	
1951	1.195128e-02	-5.74697e-01	5.746968e-04	
1952	1.195228e-02	-5.64368e-01	5.643678e-04	
1953	1.195328e-02	-5.53950e-01	5.539497e-04	
1954	1.195428e-02	-5.43444e-01	5.434441e-04	
1955	1.195528e-02	-5.32853e-01	5.328526e-04	
1956	1.195628e-02	-5.22177e-01	5.221771e-04	
1957	1.195728e-02	-5.11419e-01	5.114191e-04	
1958	1.195828e-02	-5.00580e-01	5.005803e-04	
1959	1.195928e-02	-4.89662e-01	4.896625e-04	
1960	1.196028e-02	-4.78667e-01	4.786673e-04	
1961	1.196128e-02	-4.67597e-01	4.675966e-04	
1962	1.196228e-02	-4.56452e-01	4.564520e-04	
1963	1.196328e-02	-4.45235e-01	4.452354e-04	
1964	1.196428e-02	-4.33948e-01	4.339484e-04	
1965	1.196528e-02	-4.22593e-01	4.225930e-04	
1966	1.196628e-02	-4.11171e-01	4.111707e-04	
1967	1.196728e-02	-3.99684e-01	3.996836e-04	
1968	1.196828e-02	-3.88133e-01	3.881333e-04	

Index   time            v(n1)           i(v1)           
--------------------------------------------------------------------------------
1969	1.196928e-02	-3.76522e-01	3.765218e-04	
1970	1.197028e-02	-3.64851e-01	3.648508e-04	
1971	1.197128e-02	-3.53122e-01	3.531222e-04	
1972	1.197228e-02	-3.41338e-01	3.413378e-04	
1973	1.197328e-02	-3.29499e-01	3.294995e-04	
1974	1.197428e-02	-3.17609e-01	3.176092e-04	
1975	1.197528e-02	-3.05669e-01	3.056687e-04	
1976	1.197628e-02	-2.93680e-01	2.936800e-04	
1977	1.197728e-02	-2.81645e-01	2.816449e-04	
1978	1.197828e-02	-2.69565e-01	2.695653e-04	
1979	1.197928e-02	-2.57443e-01	2.574431e-04	
1980	1.198028e-02	-2.45280e-01	2.452803e-04	
1981	1.198128e-02	-2.33079e-01	2.330788e-04	
1982	1.198228e-02	-2.20840e-01	2.208404e-04	
1983	1.198328e-02	-2.08567e-01	2.085672e-04	
1984	1.198428e-02	-1.96261e-01	1.962610e-04	
1985	1.198528e-02	-1.83924e-01	1.839239e-04	
1986	1.198628e-02	-1.71558e-01	1.715577e-04	
1987	1.198728e-02	-1.59164e-01	1.591644e-04	
1988	1.198828e-02	-1.46746e-01	1.467460e-04	
1989	1.198928e-02	-1.34304e-01	1.343044e-04	
1990	1.199028e-02	-1.21842e-01	1.218416e-04	
1991	1.199128e-02	-1.09360e-01	1.093596e-04	
1992	1.199228e-02	-9.68603e-02	9.686028e-05	
1993	1.199328e-02	-8.43457e-02	8.434568e-05	
1994	1.199428e-02	-7.18178e-02	7.181776e-05	
1995	1.199528e-02	-5.92785e-02	5.927850e-05	
1996	1.199628e-02	-4.67299e-02	4.672987e-05	
1997	1.199728e-02	-3.41739e-02	3.417387e-05	
1998	1.199828e-02	-2.16125e-02	2.161247e-05	
1999	1.199928e-02	-9.04766e-03	9.047663e-06	
2000	1.200000e-02	-5.87830e-15	5.878305e-18	
